1600 1600
250
1507 852 2061248
1386 1428 1806327
471 470 166379
471 1356 907067
243 461 207735
1513 42 78843
548 184 188407
510 1273 69458
3 1216 3971
331 1322 70384
767 1228 413315
86 1014 92191
540 1036 23940
239 1506 282179
1017 149 135011
1333 1213 715676
1060 160 8443
90 670 33916
788 224 293875
1238 554 285460
286 872 269128
1336 958 2485437
614 1497 264756
1513 1287 2645152
119 255 40370
786 1588 217066
1045 599 1104691
1488 240 246422
1155 1027 1662055
437 217 351
593 54 47574
376 1389 505011
1172 1555 1352740
955 1467 2159706
196 1138 9105
1185 1475 1030420
186 919 271774
499 358 303869
1032 1064 1148636
637 1501 1533472
1499 45 72939
32 420 15957
1123 1591 1879347
62 497 8570
1439 693 239461
1471 1429 3749991
1042 1167 1887475
1211 65 115393
1172 1096 863224
559 1284 15852
1314 734 470016
522 766 795987
670 1440 1090585
773 1501 1849964
294 891 290626
504 762 302930
588 1355 1036752
694 518 652480
6 89 856
1086 647 202751
465 360 121705
1489 881 1321280
883 1102 998417
268 274 2753
1301 119 223887
978 174 338276
483 761 90345
707 1455 1157156
994 1012 2000412
1481 497 1313334
52 514 16889
956 402 709929
1025 1284 1557214
933 1103 1278804
1445 355 347010
95 1332 177204
659 1367 783258
529 473 217164
916 1018 511078
1391 899 2344424
912 950 1610375
344 305 16008
208 881 255164
1173 1365 2326726
812 1209 1357261
1274 1303 451388
757 1513 494618
1000 441 110894
202 908 319816
1567 698 909114
228 1161 436295
555 1056 374991
834 1263 1307635
797 388 300411
1415 751 1052195
787 424 353
1490 1180 967242
1064 132 223490
1557 1485 1204192
572 1451 1380975
37 1230 20512
451 1336 244175
721 570 541602
1423 918 1528633
289 284 4623
1515 1070 735935
844 512 189842
85 1575 198897
470 1083 59521
163 1207 158765
554 1243 562045
505 94 43980
1063 366 313549
836 1341 71695
548 29 16498
1459 1544 876536
745 339 1785
762 423 392165
1359 444 813247
1391 607 1581799
826 1160 1113432
1490 1216 3239797
1441 230 399114
362 618 158110
1352 1165 28283
1025 575 262088
168 871 27652
974 33 12482
154 943 41617
1569 733 1053097
1437 1110 2630182
500 999 696729
808 392 164287
1482 753 154544
295 504 76724
289 1528 416307
1378 1248 2051161
53 621 28593
1454 775 328715
99 743 53466
501 131 118261
463 183 75792
1191 990 1390211
101 423 21503
780 718 418238
1024 558 876645
1394 336 107652
1034 388 118417
707 1394 305435
1321 1492 3207429
172 392 83487
581 406 269785
1540 1149 1081899
842 1249 1518337
896 429 747558
1453 1004 558548
1041 797 152821
725 1382 643802
581 488 51959
1211 1361 1862274
535 1532 407890
1589 64 154759
778 1155 457995
508 396 302756
1108 1291 1654696
1530 695 1705919
1357 1288 2927479
1071 1564 3088636
1172 544 543268
619 1306 862600
1556 240 10159
837 1380 1711295
524 109 22985
1358 616 221149
1393 1276 3117327
256 1205 231614
826 961 904181
592 431 108064
140 1154 305919
175 172 49536
674 128 110343
1104 964 102186
1598 1487 2303243
47 797 23096
43 589 15087
881 397 393147
366 1222 25981
690 214 13843
1425 353 653457
655 79 50138
1190 304 52167
1516 1407 900603
22 1405 58501
236 1003 232165
1065 597 1043096
1570 1477 3482782
78 1395 98275
699 484 558656
853 1461 1744158
1009 67 97174
889 1257 590963
895 1172 1147644
969 745 506218
930 980 729130
86 445 71506
983 1566 997894
676 43 25716
1591 293 681120
670 1146 374236
1254 106 154902
1467 994 1555186
384 1441 141770
707 809 331886
386 1290 177750
1067 1376 544962
1192 758 40703
297 1434 402349
349 976 309710
884 45 5895
831 850 434820
844 269 140122
66 652 47746
11 910 6706
700 1295 1260356
769 761 105803
1282 1504 2274904
1312 1352 115057
937 100 133752
854 535 474769
1468 917 324046
139 161 2996
1404 1378 3018533
461 1388 907682
1479 487 391712
586 1256 1411528
1068 489 575463
1411 1353 3068359
1140 689 1063298
243 1542 419517
991 961 796663
93 651 7435
1062 455 136530
1083 467 264529
1116 345 184224
1292 930 2140871
1331 1549 1320227
826 912 1331143
1224 451 279015
121 693 10498
705 1236 557324
