800 800
750
353 177 43035
666 544 285713
323 450 125714
364 598 56197
169 715 117820
297 797 183537
362 512 175494
519 503 424301
115 413 48014
239 433 8372
642 338 115309
329 555 318944
665 77 50913
730 440 361450
270 160 26165
792 8 1457
746 721 179636
240 792 7559
250 106 18843
343 344 188131
474 538 72068
334 418 129070
738 634 465178
790 563 233297
640 384 325009
756 375 176456
68 321 41489
595 560 213120
473 361 86281
667 255 246660
494 728 133273
209 614 42926
479 551 35817
376 540 386661
265 731 302787
313 686 343447
720 305 350203
248 452 111978
119 476 108450
543 343 82962
415 388 7360
23 596 26261
49 626 49939
259 554 192730
232 18 5641
588 330 63462
70 601 83859
673 49 63518
138 167 27185
764 262 229371
43 228 16942
754 250 135594
126 650 65819
400 461 259372
414 692 191613
358 479 161906
91 548 9319
481 772 140967
170 110 32941
687 425 271352
745 467 90249
743 421 476615
536 98 8960
506 498 199532
230 111 40435
770 20 9613
392 462 182881
614 143 117740
788 664 308593
328 550 244569
482 47 12096
510 789 54820
692 76 38673
276 581 199698
767 10 3804
702 332 175939
666 275 111797
730 88 128159
414 427 16482
110 754 96164
231 435 175012
18 497 9534
577 740 685377
433 215 9087
787 534 118539
2 787 3074
37 652 44276
85 582 36755
723 547 288717
776 208 213318
131 438 51945
332 455 81337
73 583 64798
689 216 40339
286 554 30232
596 107 104794
437 495 307863
552 579 271594
306 53 22732
486 29 6352
171 159 53413
291 43 3288
107 115 20190
663 4 805
185 289 54980
688 436 252857
729 72 15143
173 175 54214
551 480 87006
674 517 52194
557 687 22005
78 178 16475
405 636 103373
514 498 136256
391 682 184444
372 121 80059
460 401 219874
243 126 37692
156 676 30975
473 101 9527
19 210 6194
75 639 65503
173 595 41928
385 660 259688
153 250 2569
560 174 28562
251 633 163282
716 427 361287
556 582 526690
426 255 191339
13 625 11260
638 699 498154
640 423 74344
29 7 263
716 511 257037
37 271 19420
630 73 64830
23 788 13981
246 95 29450
343 521 185974
541 85 67932
500 722 611650
649 113 91492
592 141 41791
747 409 230549
351 445 283113
480 274 142035
441 648 454935
29 93 3415
551 436 442621
526 528 241857
230 580 124450
279 780 265962
303 124 43623
333 70 9883
425 772 231059
788 451 705420
774 91 70763
748 120 162936
369 670 80523
61 747 46434
638 176 189981
239 7 2863
401 309 130200
607 193 124865
421 169 4576
231 508 11950
314 482 193736
596 781 652815
523 701 186784
85 762 55419
79 151 6010
299 389 148742
51 341 23870
726 499 582116
222 119 23185
489 349 130624
406 214 8805
766 10 1586
796 84 122750
248 521 60167
798 599 315289
723 97 114396
207 500 103222
350 777 146221
238 199 88023
742 239 57732
505 197 87645
302 514 189818
79 61 4722
556 308 172742
195 305 92668
687 580 386996
768 786 671215
390 687 282884
62 124 9886
652 417 29796
343 122 40636
600 775 760993
65 53 1094
414 608 347649
35 354 23638
254 241 36169
570 208 33414
488 597 187284
383 658 388444
476 62 1568
712 404 115817
791 203 130809
136 620 118883
341 585 300661
53 620 30436
422 73 33716
570 194 15276
255 234 32184
627 616 55434
674 644 282151
337 555 373970
122 545 93425
584 232 268080
747 572 296520
269 625 98479
144 246 23436
612 368 311853
487 622 593118
510 800 306398
743 673 910125
589 210 92215
39 683 37897
395 466 258903
218 764 326558
177 232 3486
308 728 326548
511 539 520525
459 577 99646
641 638 42600
638 133 5988
478 721 159261
72 311 603
114 257 41673
36 474 6328
82 203 27140
751 510 405995
418 220 82065
4 678 2033
212 70 13070
771 707 740012
402 736 38211
243 359 112005
317 473 149046
409 508 351275
465 589 371423
752 92 105114
518 61 39897
22 65 2363
454 628 180464
275 598 179911
229 199 70690
455 793 587545
543 662 452393
88 270 3196
107 734 126229
231 237 69558
513 754 262892
117 327 51304
751 332 267947
303 159 57816
465 387 203019
210 393 45531
666 135 135872
442 223 39762
278 681 247979
254 111 7596
321 175 21871
800 644 320300
544 594 260375
114 448 90965
634 112 18263
552 674 79039
14 539 7474
138 181 39032
531 10 2612
761 615 645184
428 487 301241
401 486 56288
700 229 269589
82 695 64377
423 528 374668
253 279 24679
124 644 144712
481 781 198826
612 63 26429
175 24 219
200 3 305
400 403 11542
795 302 338663
184 736 37361
20 710 8544
319 162 57362
44 637 28073
755 669 641170
750 32 28964
754 206 204499
124 406 52158
428 357 182792
321 352 85662
443 535 411463
459 106 41930
554 776 736227
127 19 3542
696 325 258460
445 274 14232
608 227 64457
347 350 170654
440 329 169043
583 650 247014
132 644 44216
64 303 24289
257 56 4552
612 535 577931
3 430 835
414 426 227137
505 585 537377
354 483 330053
159 122 3717
321 257 70752
386 388 102662
185 4 1108
441 260 47555
321 423 219143
123 425 26530
697 391 313837
745 95 78190
124 800 33922
652 511 512356
260 31 13932
518 769 710095
523 153 131232
30 146 7374
744 18 10796
393 140 56813
22 36 59
429 781 527149
268 104 50041
141 307 17525
136 566 76405
739 635 415251
578 357 249910
323 386 86195
776 330 423568
404 274 124139
456 647 195006
450 275 216174
90 94 2649
530 235 131735
680 722 882041
765 661 182705
465 790 170244
670 312 252409
572 288 142402
139 243 60955
197 698 181486
739 699 652976
364 788 202122
445 518 85148
479 749 392707
631 713 187647
618 730 227150
161 151 21968
441 723 353445
603 413 188687
237 610 216832
518 100 51050
626 15 10509
379 459 341874
366 490 56407
626 672 409623
747 489 261142
408 201 39143
381 194 6749
193 796 132469
247 232 56406
550 302 181497
751 127 21720
140 57 11770
397 422 208975
603 247 255133
274 545 125023
673 153 85454
775 533 797269
799 278 204232
436 76 59055
233 626 90588
130 576 98746
393 267 119532
314 664 349783
725 18 6554
207 291 92218
81 516 79158
604 490 211467
424 489 302480
239 476 105763
286 708 51532
185 389 28972
563 781 257202
644 647 210005
251 571 171293
104 329 31841
501 409 293670
603 565 153702
789 540 79422
4 779 273
542 616 513140
458 800 512505
501 114 64861
10 310 1483
183 560 161445
725 663 511285
757 715 252456
409 517 144666
550 57 7701
283 60 19319
139 154 40938
254 611 138526
310 311 109171
699 672 268940
133 54 3383
490 778 233753
374 287 108864
219 247 48112
532 348 309049
233 630 213684
711 768 848781
557 573 428805
754 435 73301
264 333 83781
436 17 10634
14 506 8060
159 80 15234
666 650 500360
441 734 113959
273 166 23372
517 428 398903
465 184 126467
224 489 158901
644 305 5417
136 740 108274
482 305 112619
709 463 128406
422 328 42852
733 321 442969
239 145 8080
726 213 45845
380 678 264953
158 101 30073
371 744 26417
467 432 8996
580 113 9925
751 373 40357
552 794 240139
203 726 71767
139 516 139027
688 441 163056
417 372 27285
681 529 73403
185 451 11740
794 118 110055
93 249 17443
497 551 527333
116 303 32132
414 505 45569
232 644 107332
546 83 12444
273 51 8013
677 283 69448
381 468 39642
733 461 355349
715 105 134618
10 602 5798
28 269 604
392 682 138269
232 465 59040
588 210 56834
487 483 325945
406 359 169531
405 292 153834
54 576 37182
173 490 117963
92 51 9088
209 79 31966
181 22 809
657 253 53401
528 392 107638
481 79 31732
485 36 14135
324 440 89506
629 45 52613
147 569 116626
569 660 724133
792 421 438619
387 601 416926
311 457 225828
603 536 417156
304 216 10450
488 253 8405
582 128 123692
519 756 79944
231 102 22973
784 670 735364
236 213 32912
470 599 230584
725 461 302412
785 263 321187
788 119 158007
421 606 77443
537 739 521834
196 9 413
251 591 114547
523 574 300140
207 362 24997
662 31 36355
566 308 187120
29 292 15174
28 631 27300
594 251 239785
612 339 51835
309 86 34863
313 336 128241
67 59 4803
395 617 281254
135 478 121906
377 595 408813
728 176 33548
446 555 315238
281 348 187484
274 511 132566
204 371 53371
143 683 97093
671 302 367981
173 696 136981
388 382 55666
186 758 164565
290 238 64388
238 235 78954
15 67 481
395 340 255783
312 544 173321
667 686 68547
557 556 520400
505 281 116373
173 668 15212
318 405 210234
610 695 406811
629 132 114009
402 146 105067
74 540 33063
256 404 42870
8 270 3203
795 378 533170
730 82 1750
465 254 128290
580 123 119334
653 285 97298
515 465 72869
611 419 384115
326 492 46444
380 300 29711
177 307 69400
211 653 135849
800 135 215942
70 599 57607
711 378 113102
604 583 701410
392 297 166506
662 460 435148
278 785 429440
786 716 742227
96 92 1941
380 302 45170
240 301 51336
182 722 228830
728 632 587863
149 788 170661
654 379 187670
24 592 13201
611 70 58069
442 407 125640
572 54 36599
209 433 179274
50 673 67140
25 406 1462
150 685 179645
652 34 10956
137 687 105244
270 262 28174
62 73 8299
542 514 98137
585 638 84294
271 46 23851
610 447 106843
449 23 13662
562 172 75064
507 23 1819
790 511 349116
652 780 27037
305 393 145009
731 134 64347
411 270 180564
496 92 20593
214 701 52259
508 350 149061
55 463 12742
639 521 275350
7 511 1085
62 362 30664
379 218 16689
319 148 87590
325 110 59596
168 605 14567
408 371 254308
646 78 9977
106 485 66391
537 675 339924
95 681 45854
611 295 23367
658 225 230564
650 543 617963
776 420 351064
371 587 239168
57 547 25396
796 392 300020
284 498 195496
587 234 167758
610 328 152482
695 490 92068
341 700 83792
204 549 82343
118 524 115242
141 94 23012
320 503 116598
422 498 109318
153 334 73151
368 120 47544
9 281 1018
682 175 56433
50 515 18232
441 270 174513
127 387 4496
584 79 34194
476 398 279368
465 371 273013
46 523 35626
124 442 1469
788 450 305589
531 684 395867
315 733 13639
799 725 796698
231 404 100028
186 187 54378
139 214 36288
594 231 8426
747 276 379005
784 752 325062
493 291 107168
481 21 7107
196 335 12599
424 685 49203
474 115 40978
461 653 360515
527 791 270200
542 137 5724
127 83 14866
587 418 42615
689 110 96481
792 591 60005
426 338 80187
696 313 18048
90 786 61938
688 799 295070
224 77 19509
325 618 77889
657 744 167839
16 83 1296
126 771 125642
526 314 27132
498 739 374309
4 186 1173
547 275 24629
405 514 373689
466 737 271721
518 614 189354
706 470 92337
528 485 74611
320 610 288821
669 335 199284
712 32 21840
740 387 264721
632 486 434876
62 90 3229
290 555 163338
594 625 659151
267 82 25272
684 162 117276
734 481 703433
307 701 418565
192 612 132778
368 103 41324
728 734 537713
115 796 78858
464 637 537685
301 431 165063
303 697 20830
422 132 17991
129 418 8475
445 724 432291
295 467 164364
80 34 2556
251 314 85962
460 428 275829
757 91 4597
361 743 42305
589 245 252124
99 218 5251
121 698 158300
272 342 157455
674 188 43954
440 267 175491
307 70 5104
460 529 459552
608 485 306594
145 46 8549
111 186 34201
774 636 404567
321 757 17706
284 580 53094
523 5 4241
428 444 214668
270 751 13809
74 410 43769
657 570 574033
82 714 50506
250 24 7948
215 350 145883
749 222 6891
732 505 540718
705 579 170133
66 558 72302
45 28 1100
445 101 89600
573 309 326955
