2000 1200
1000
1107 52 25208
1386 1028 586647
1271 470 595959
71 156 13043
1043 861 540873
713 842 344555
1348 984 1084215
510 73 60278
3 416 2051
331 122 5508
1567 428 614995
486 214 39223
1340 636 1046340
1039 306 45791
1817 949 910489
533 813 274044
1460 560 1170043
890 270 269716
1588 624 1192563
438 954 300436
1086 872 408648
536 558 368893
1814 1097 936924
1513 487 1422648
1719 1055 296150
786 788 644650
1445 999 2077181
288 240 62102
755 1027 142095
837 617 884471
193 54 1458
1576 589 25331
372 355 36300
555 667 203856
196 338 32625
1985 1075 3569670
986 119 2594
899 358 316041
232 664 18396
637 1101 1316892
1499 445 342759
32 820 15957
723 391 46267
1262 497 451894
1039 1093 225769
1871 229 759477
642 767 502795
811 865 234763
1972 296 30200
1359 884 2040420
114 334 44112
1322 366 331467
1870 1040 2591385
1573 701 1767234
294 891 290626
104 762 95666
1788 955 412512
1494 918 2535160
806 889 695292
1886 1047 3256031
865 1160 799305
289 81 44292
83 302 20565
268 274 2753
101 519 24443
1778 174 459380
1283 1161 1904889
307 1055 4436
1394 212 317068
1481 497 1313334
852 114 121689
1356 2 2409
1025 484 794614
933 1103 1278804
1045 1155 952410
1695 532 1513284
1459 167 178056
1329 473 203920
116 618 137638
1791 899 220986
1712 150 117575
344 1105 604248
1008 881 959964
1573 165 405586
1612 9 22525
474 103 13340
1557 713 2043418
1000 41 20894
1002 908 410616
367 1098 219458
628 1161 547751
1355 1056 58191
834 863 100003
797 388 300411
215 751 241115
1187 424 200481
1490 780 1503642
1464 932 1069634
357 1085 365962
972 251 433231
437 830 693492
1251 536 1275391
1121 570 897282
1423 918 1528633
1089 284 73351
1515 670 1887335
44 912 7058
485 1175 552147
870 1083 59521
963 407 147291
554 43 20233
1705 494 364680
1463 1166 78221
836 541 661911
1748 829 789074
1459 344 643096
1145 739 1550425
362 823 70257
1759 844 1987199
1391 1007 616445
1626 360 866712
1090 416 131957
1841 1030 2299534
362 1018 123358
152 765 87323
1425 175 315838
1368 871 445732
174 33 8126
954 143 250617
769 733 182293
237 710 315982
500 199 132729
808 792 435775
282 1153 111212
695 504 414404
1489 328 823683
178 448 82777
453 221 178353
1854 1175 4125415
899 1143 535416
901 531 509635
63 583 6588
791 590 375231
901 23 40143
1580 1118 979838
224 958 232037
994 736 966020
1034 1188 1789361
707 594 113131
121 292 19557
1372 792 2012127
1381 406 49733
1940 749 1907059
1242 449 787057
1296 29 20454
253 604 211284
241 797 152821
1925 982 2245102
181 488 78311
1611 161 105442
1335 732 443890
1589 864 1273415
1578 755 1063515
108 1196 7844
1108 91 172192
330 695 246419
557 88 38119
671 764 442420
772 544 199460
1419 106 181568
1156 240 259759
1237 980 1795975
1724 509 867529
1758 616 470013
593 476 323207
1456 5 13534
1626 161 399817
1392 831 258944
140 1154 305919
575 172 118336
1874 928 1520007
704 964 811690
798 687 614939
447 1197 1044756
1243 189 131791
481 797 160233
766 22 5709
690 214 13843
1825 1153 345807
1055 79 125978
1990 1104 3514567
316 1007 521995
1622 1005 313581
1836 1003 1572173
1065 997 649046
770 1077 246822
1278 595 919615
1499 484 251800
453 661 474888
209 467 137358
889 857 1108361
1295 372 414644
1369 345 382108
130 580 138330
1686 845 2537086
983 766 616490
1476 843 563612
791 1093 503492
670 1146 374236
1254 106 154902
1467 194 205546
1184 641 426698
1107 9 5662
386 890 254950
1467 176 171490
1592 1158 1006303
297 1034 363145
349 176 97518
84 845 83895
31 450 24720
1244 269 400514
66 1052 57778
811 910 279706
1100 495 835356
769 1161 1697633
882 304 514136
912 552 22897
137 100 22152
54 135 12329
1468 117 56870
939 161 24570
1004 978 1071461
1661 188 170586
279 887 464888
986 56 69576
1468 89 205935
1411 553 1044985
1940 1089 2561018
1843 742 657329
1791 161 473423
93 651 7435
1862 855 1377630
283 67 12215
1516 345 250464
892 530 807431
931 1149 584301
1226 112 12231
424 851 17815
521 293 228344
305 836 50004
1806 880 1372295
618 341 292937
808 975 146927
1536 91 71544
1551 934 1203773
1621 1064 197238
1332 641 140149
1594 1064 308663
897 737 689629
940 641 484430
1896 398 1073229
702 168 227138
714 927 1292584
1592 462 477914
1615 365 913219
472 1185 1000055
1629 468 1477263
497 814 328791
1367 62 142095
1729 1001 1786445
79 48 6173
859 749 107382
1228 1062 1377522
524 1054 666303
1909 220 812587
628 291 191420
1962 719 2440139
1488 415 1194588
1278 581 1472377
556 662 154482
1275 292 471617
1591 350 619618
826 330 384739
1435 853 2247164
9 313 2274
1396 140 105934
271 53 28351
1613 693 1240341
1721 722 1234920
1841 878 736381
562 952 37640
131 494 11629
1248 519 538974
978 1105 707662
562 313 285227
1965 60 43606
10 330 3811
326 1095 472143
1057 767 1466394
272 607 6653
1348 769 1899564
715 99 43799
1583 898 748163
1533 275 101971
734 836 1211872
1800 752 358347
1006 314 607869
1016 239 358635
1670 447 1309961
245 318 24279
1650 865 2710767
805 331 73927
1654 266 481682
1372 998 2016653
1043 483 390812
1730 1083 3578672
476 40 15465
1904 655 956135
1978 1076 2749286
418 472 106099
1769 921 2855236
1887 126 137042
904 979 268631
769 750 1078964
461 544 269647
189 1025 376579
620 701 398448
116 956 129774
650 486 142201
1983 55 215632
386 623 465377
1205 910 1702718
1154 165 315328
169 485 145567
132 946 218477
130 686 136917
1610 457 941689
1929 572 2092517
454 773 281210
854 308 58656
1726 1045 2967391
1070 249 147340
1339 1002 434740
186 322 116780
1334 406 842429
1826 887 2246330
95 97 9188
263 1177 356647
939 831 685940
452 484 177853
1220 961 70865
1010 782 1390425
1709 920 1876338
924 305 182860
1775 391 1207467
372 1016 681903
1253 310 357771
1743 525 1062878
1603 215 467708
1836 1067 3007433
1128 1086 1894810
1864 47 37703
1248 555 1035967
786 230 66303
997 404 559229
365 1175 135321
1019 1180 2125922
570 522 576478
1297 124 300509
6 1112 7487
1198 191 232204
1655 455 621624
1742 454 454756
1500 839 1485409
1114 587 731228
1919 951 3516579
1739 770 1028230
1372 491 55007
730 939 974278
1454 544 1232569
1644 493 966880
871 548 806094
496 641 422483
1875 492 1280970
283 405 104198
198 275 80759
1288 765 1839580
1157 137 187964
1899 466 1124708
1469 271 734887
997 1114 866923
668 336 109694
345 31 20068
924 257 219633
245 891 274876
952 288 27584
1762 1176 403293
1693 284 865125
1314 535 229670
273 3 374
1279 151 147771
1178 1171 2231284
1623 1115 2712822
1413 790 718790
1693 1034 1191904
1930 386 43627
42 499 40746
118 592 38310
1530 305 322764
1711 930 2346438
1762 608 706228
1326 185 309078
1977 560 1158465
210 1172 30534
1899 464 1188752
30 394 10945
96 387 17491
442 504 53218
1871 385 1005691
986 495 837360
903 256 53059
970 1133 1658292
560 1061 515611
1664 70 212142
1557 320 969277
836 1149 358862
452 796 451272
1815 437 1346023
1320 1059 591487
1930 444 248541
621 498 315448
1968 668 1530024
1851 779 1338538
1541 42 118861
1154 1150 2095480
382 1186 489364
1156 37 27016
1163 603 151382
1578 1075 2709923
1224 556 931370
165 1177 254396
864 296 474295
296 146 24881
787 86 108810
900 791 622055
531 1172 677088
1711 1127 2983803
1238 1042 699343
1201 219 331163
1823 242 759777
793 758 198773
308 1174 29236
394 1069 667517
1258 1007 2348698
563 706 142340
569 1189 1228027
1761 851 532116
1293 488 167515
627 888 874437
1436 711 1812014
352 255 79772
1644 514 1379585
1631 107 344811
163 164 1515
1132 1078 1934445
1691 46 8069
221 158 37327
230 250 66306
880 77 34673
100 1064 191655
1114 1015 1219089
85 258 29782
581 640 585840
545 402 408935
1467 685 1264322
247 375 135970
1415 147 81729
1033 777 568099
690 56 13977
883 108 187496
489 821 330494
1950 57 165095
1571 1037 1884372
803 381 60625
197 647 12635
669 494 61045
1490 260 462891
68 445 4339
1696 334 90395
1704 1168 1614518
1175 57 107506
812 6 1458
1906 328 925758
439 1130 423898
925 527 210026
495 1147 853591
1191 636 391353
882 703 902917
500 751 153810
1278 6 4874
611 381 249796
316 344 159575
829 650 113318
26 1088 36424
1155 13 26598
1683 859 1280188
1503 50 56511
735 483 622825
411 534 206851
1221 612 812069
750 822 213905
1135 290 274448
325 1118 76397
594 1096 509913
393 250 91249
622 1132 810319
1597 987 906824
807 921 662660
1024 884 1170280
1238 856 1561483
562 805 579928
1466 1139 238845
1114 1015 170779
1410 408 986454
1146 1153 37171
894 174 241155
1853 523 1617567
860 929 401077
1150 1104 1385392
1573 1094 926235
1759 55 42581
1966 1121 2099317
1215 1034 523515
333 443 234805
1698 789 1564639
112 34 5848
1962 1086 685834
398 746 532715
507 1047 632574
698 619 57803
897 777 411170
1147 294 56754
1640 660 197351
346 592 282145
1860 1041 864333
926 705 795719
518 1066 703156
231 1064 196557
1225 1122 1455999
523 219 3273
65 1115 22695
1710 1014 1848211
1627 205 430000
577 550 206494
322 410 155494
1654 935 481458
172 604 113832
1728 435 598351
1180 11 25472
1679 85 71492
1147 550 582077
1344 259 31802
234 1038 448982
1383 814 369843
1828 735 2530636
562 389 125323
751 512 592342
6 639 1828
1428 171 268371
819 649 129795
1581 995 2416866
609 1138 1130039
1402 523 861732
1247 658 542505
1193 85 177944
1101 198 270016
1543 501 823871
1388 506 1325050
1220 286 656996
614 1104 835452
1740 636 116222
1368 844 649104
1206 197 38338
529 595 603061
617 540 305208
1440 440 794885
1003 382 528705
1830 121 270523
1647 92 5920
1634 305 18523
1469 1197 3079229
650 564 26166
521 569 326189
1315 1049 1616297
1117 65 123156
1756 257 660487
1793 811 469504
329 192 20165
1371 238 564072
1050 271 86237
185 939 150763
355 341 48368
520 461 377288
82 127 7412
991 1196 2068320
86 151 25272
1173 1143 1856145
1440 1072 86522
980 794 1516712
1364 596 812550
852 380 189713
1536 286 232773
783 805 765425
150 439 63972
517 629 321491
148 1066 163105
836 638 580568
638 430 92743
679 561 607140
1662 1124 1441651
164 727 31910
708 1062 649899
1592 644 958496
1336 745 1969974
1959 861 48032
577 209 143353
946 596 574961
1209 785 1005900
991 263 486892
718 677 22406
1441 40 75752
1342 699 312170
1481 1090 329649
376 1177 754266
109 1088 22102
374 464 293142
904 161 206777
872 969 783577
773 711 371992
883 1029 1645064
1268 469 768915
779 962 1174069
1304 394 630726
1273 769 1263368
1890 477 1332781
615 2 1057
653 906 725481
485 929 869758
1454 502 688628
1885 184 5648
144 603 89796
42 933 43374
990 1037 845235
227 1061 479138
1792 550 882012
1645 716 614374
361 920 125751
1589 557 1156997
538 410 294612
550 246 143187
1637 389 514655
297 382 224418
1870 571 1468802
1836 349 689818
571 540 576583
183 184 38658
1748 96 319962
170 437 125558
320 126 77919
972 1075 657524
1358 1064 2093192
747 912 891493
972 381 673247
633 216 30683
1706 1187 2633882
80 521 23070
369 620 139925
282 1189 404677
1599 1108 3116407
477 879 597757
1152 189 68696
1767 135 249607
363 658 79735
1929 890 1881595
1395 195 492183
201 674 246521
1990 994 454544
1826 876 659524
1299 26 28483
1649 55 5352
721 6 6322
1209 125 83626
1055 87 44503
834 816 695874
380 610 304468
264 362 78901
668 751 882854
1691 529 1740175
1854 979 864823
1476 1027 2794481
1177 547 845204
1018 107 62114
1745 762 190545
1977 347 108036
1402 278 93169
669 541 134511
913 808 1203601
151 498 127321
1367 303 442619
1457 978 1878281
1953 507 1194676
359 276 189794
1736 421 1368747
800 749 601205
1831 951 1329014
576 371 320150
530 36 17981
386 586 164286
323 704 165212
1637 913 2457734
330 65 30020
1121 775 75547
1218 911 288095
1677 910 1197608
33 1093 27218
667 868 855964
1840 949 2926327
221 886 270656
202 8 2176
934 1197 1402716
947 678 877892
1066 198 159
1364 215 374701
531 291 131798
1950 276 58086
319 942 450001
1362 1133 2194381
1289 105 12119
952 1107 913018
1719 1192 984918
1750 138 363123
646 355 322280
1116 918 1318583
1248 200 464729
1489 501 1307320
727 371 490561
831 533 385362
684 1021 974030
1374 724 1267616
871 843 1090829
1517 592 715568
1639 389 747670
711 304 303672
1597 751 157639
325 592 5348
929 918 1624014
425 548 298002
1006 783 1332578
892 108 151050
283 931 387262
818 847 1124395
1089 37 65640
867 747 7141
1162 1143 1865586
1560 668 1182613
1307 1148 1853978
1777 1124 1534965
1978 530 324604
1552 1021 768343
1449 455 614673
1740 872 2080471
1822 361 1102968
1045 1179 2399636
524 292 291885
1153 651 922684
1477 710 1717747
1166 838 180782
106 15 771
981 318 271291
1164 566 64746
1876 1105 3122641
987 479 102165
486 275 239051
731 798 956462
1671 1102 1453745
1630 578 1067462
1536 495 1422091
518 201 35745
1580 333 1024375
1263 296 617420
552 172 55261
1912 310 630587
1137 395 182191
387 325 156799
1529 748 1892144
473 777 654538
526 1065 15204
1816 1182 3209568
320 1161 275469
646 1175 853904
1186 126 273095
734 790 774668
760 1126 476862
660 264 293859
1310 192 432606
1862 1064 3332390
143 1189 150288
966 204 254875
1494 876 2349236
2 1121 3474
357 658 329620
436 591 475493
1223 902 1994594
1557 314 503933
1815 1175 3243317
372 988 290080
505 330 74973
103 48 9872
1681 341 610317
1524 694 1836124
542 1050 53933
1285 237 518076
721 260 8897
1282 1016 1512474
58 782 73081
226 1153 63340
258 857 26738
1030 111 146581
357 592 140937
912 67 24654
635 208 46327
119 644 63212
1394 964 771367
1571 597 270822
12 655 13531
28 480 20203
1832 289 410675
1917 70 98562
1249 27 35209
1321 538 862671
486 324 169043
1804 394 209958
1007 988 1288986
1669 110 292534
1698 473 1357744
1260 501 1042460
22 684 28412
1545 152 392178
1226 1000 2446876
1802 320 201445
92 357 33784
1342 960 985153
836 319 384980
1293 387 207507
346 837 212270
406 896 99270
1345 870 2165741
124 414 87048
1421 1191 3000091
648 192 234654
364 235 151482
1203 329 480351
1988 764 2433215
1759 456 274098
792 353 542550
1097 1110 1838513
702 454 144050
494 578 169647
1685 350 655749
579 150 157192
1792 513 135015
513 68 68191
545 407 125870
896 965 377137
1585 508 936521
662 4 4919
1034 657 506012
1428 750 2064925
1386 786 320659
487 564 506160
178 1107 314268
1608 19 38515
1414 516 401577
1135 1011 709092
63 547 46971
896 808 1310237
1686 993 2784889
833 772 333611
1758 558 1143244
584 196 184768
311 725 45310
950 333 441981
409 546 400364
673 433 356876
1854 95 161376
1095 590 1140363
1139 627 459345
1391 660 445279
1993 417 1524802
1333 952 1695543
1636 862 1086315
1397 1011 2396615
1129 971 624335
1024 444 560169
1033 249 483245
388 543 47197
102 833 36835
1561 224 606522
1839 1016 1620762
1378 1100 2994113
312 687 345118
1170 884 80257
1913 364 1140027
1601 988 1523134
1721 372 1120239
687 760 76797
1395 413 565340
1530 1173 2253205
275 563 300170
1037 340 703392
1101 203 366274
427 173 115739
315 85 27007
1173 485 961796
27 957 25459
1081 43 71926
1077 590 65611
1858 119 182551
462 1193 1004906
1234 981 469557
1505 82 245860
1614 908 556384
607 22 2100
315 1146 401536
1762 772 2056292
1628 204 305710
1358 481 623847
348 1090 48385
862 352 195370
739 337 276692
1708 241 369775
1727 606 1773598
1022 764 716095
801 1078 632765
1016 839 820860
1739 419 479312
1304 576 815368
1811 875 186607
435 936 591368
1804 827 2316424
954 534 6360
984 612 706278
674 33 27553
1984 433 1515559
792 600 100925
772 1138 960415
1707 393 680846
674 1003 721096
1530 190 92432
1090 345 666858
585 50 55143
1873 586 1945762
566 459 224750
1270 394 512042
1356 1186 437033
1881 709 2381034
823 367 408594
1893 992 3248605
1436 921 1017338
667 362 466226
676 147 66460
818 19 2621
1523 584 357335
1460 205 384632
1781 313 320995
1853 193 84425
1062 967 274047
1416 459 509314
724 247 70203
1421 913 1047618
366 741 120074
1809 758 49944
1789 233 82393
627 892 1079068
659 625 494340
1027 877 1167532
856 739 314058
202 106 12781
1388 829 1082019
646 201 121443
1065 966 448251
1583 775 1842721
70 563 8353
1093 1142 1817428
1920 1000 2163320
259 1178 508325
342 1185 505207
991 187 146910
99 374 66560
1805 971 3181482
