2000 800
250
1107 52 25208
1386 628 420327
1271 470 595959
71 556 64163
1043 461 236317
713 42 59355
1348 184 437175
510 473 190838
3 416 2051
331 522 69060
1567 428 614995
486 214 39223
1340 236 242340
1039 706 216187
1817 149 419899
533 413 68306
1460 160 2043
890 670 20516
1588 224 125427
438 554 105964
1086 72 148008
536 158 79453
1814 697 1960020
1513 487 1422648
1719 255 210200
786 788 644650
1445 599 74411
288 240 62102
755 227 74145
837 217 77603
193 54 1458
1576 589 25331
372 755 103260
555 667 203856
196 338 32625
1985 675 95920
986 119 2594
899 358 316041
232 264 36956
637 701 434010
1499 45 72939
32 420 15957
723 791 883501
1262 497 451894
1039 693 574873
1871 629 359083
642 367 388519
811 65 40123
1972 296 30200
1359 484 1301124
114 734 135312
1322 766 1457811
1870 640 1394585
1573 701 1767234
294 91 13090
104 762 95666
1788 555 1789272
1494 518 658696
806 89 140764
1886 647 1905655
865 360 107305
289 81 44292
83 302 20565
268 274 2753
101 119 405
1778 174 459380
1283 761 811773
307 655 28996
1394 212 317068
1481 497 1313334
852 514 111465
1356 402 365817
1025 484 794614
933 303 506280
1045 355 680710
1695 532 1513284
1459 567 1073882
1329 473 203920
116 218 1686
1791 99 174420
1712 150 117575
344 305 16008
1008 81 24540
1573 565 1726906
1612 409 615741
474 503 117620
1557 713 2043418
1000 441 110894
1002 108 73944
367 698 333962
628 361 140807
1355 256 318351
834 463 665455
797 388 300411
215 751 241115
1187 424 200481
1490 380 907642
1464 132 3842
357 685 319552
972 651 726775
437 430 72952
1251 536 1275391
1121 570 897282
1423 118 253625
1089 284 73351
1515 270 129935
44 512 1426
485 775 673397
870 283 400561
963 407 147291
554 443 459001
1705 94 146440
1463 366 628309
836 541 661911
1748 29 75890
1459 744 1343416
1145 339 215355
362 423 258497
1759 444 59335
1391 607 1581799
1626 360 866712
1090 416 131957
1841 230 311254
362 618 158110
152 365 102523
1425 575 1527088
1368 71 114676
174 33 8126
954 143 250617
769 733 182293
237 310 3142
500 199 132729
808 392 164287
282 753 226832
695 504 414404
1489 728 1967235
178 448 82777
453 621 501795
1854 775 46615
899 743 404162
901 131 167255
63 183 3690
791 190 264491
901 423 566327
1580 718 1624478
224 558 233829
994 336 75396
1034 388 118417
707 594 113131
121 692 137653
1372 392 826719
1381 406 49733
1940 349 479219
1242 449 787057
1296 429 445542
253 204 21028
241 797 152821
1925 582 743602
181 488 78311
1611 561 1458682
1335 732 443890
1589 64 154759
1578 355 1047735
108 396 30308
1108 491 5992
330 695 246419
557 488 332215
671 764 442420
772 544 199460
1419 506 766196
1156 240 259759
1237 580 113655
1724 109 229649
1758 616 470013
593 476 323207
1456 405 959934
1626 161 399817
1392 431 949376
140 354 42719
575 172 118336
1874 128 440583
704 164 682
798 687 614939
447 797 435942
1243 589 1459315
481 397 89045
766 422 618509
690 214 13843
1825 353 1006457
1055 79 125978
1990 304 1031047
316 607 379795
1622 605 1530081
1836 203 224549
1065 597 1043096
770 677 71262
1278 595 919615
1499 484 251800
453 661 474888
209 67 25752
889 457 804323
1295 372 414644
1369 745 1860628
130 180 34330
1686 445 530746
983 766 616490
1476 43 32252
791 293 413318
670 346 218796
1254 106 154902
1467 194 205546
1184 641 426698
1107 9 5662
386 490 293550
1467 576 500098
1592 758 1738623
297 634 227713
349 176 97518
84 45 6615
31 50 3020
1244 269 400514
66 652 47746
811 110 36406
1100 495 835356
769 761 105803
882 704 1022168
912 552 22897
137 100 22152
54 535 33929
1468 117 56870
939 161 24570
1004 578 151797
1661 588 967866
279 487 35228
986 456 889928
1468 489 1412631
1411 553 1044985
1940 689 264058
1843 742 657329
1791 161 473423
93 651 7435
1862 455 576970
283 467 82399
1516 345 250464
892 130 147351
931 749 917599
1226 112 12231
424 451 264583
521 693 271066
305 436 245204
