2000 800
750
1107 52 25208
1386 628 420327
1271 470 595959
71 556 64163
1043 461 236317
713 42 59355
1348 184 437175
510 473 190838
3 416 2051
331 522 69060
1567 428 614995
486 214 39223
1340 236 242340
1039 706 216187
1817 149 419899
533 413 68306
1460 160 2043
890 670 20516
1588 224 125427
438 554 105964
1086 72 148008
536 158 79453
1814 697 1960020
1513 487 1422648
1719 255 210200
786 788 644650
1445 599 74411
288 240 62102
755 227 74145
837 217 77603
193 54 1458
1576 589 25331
372 755 103260
555 667 203856
196 338 32625
1985 675 95920
986 119 2594
899 358 316041
232 264 36956
637 701 434010
1499 45 72939
32 420 15957
723 791 883501
1262 497 451894
1039 693 574873
1871 629 359083
642 367 388519
811 65 40123
1972 296 30200
1359 484 1301124
114 734 135312
1322 766 1457811
1870 640 1394585
1573 701 1767234
294 91 13090
104 762 95666
1788 555 1789272
1494 518 658696
806 89 140764
1886 647 1905655
865 360 107305
289 81 44292
83 302 20565
268 274 2753
101 119 405
1778 174 459380
1283 761 811773
307 655 28996
1394 212 317068
1481 497 1313334
852 514 111465
1356 402 365817
1025 484 794614
933 303 506280
1045 355 680710
1695 532 1513284
1459 567 1073882
1329 473 203920
116 218 1686
1791 99 174420
1712 150 117575
344 305 16008
1008 81 24540
1573 565 1726906
1612 409 615741
474 503 117620
1557 713 2043418
1000 441 110894
1002 108 73944
367 698 333962
628 361 140807
1355 256 318351
834 463 665455
797 388 300411
215 751 241115
1187 424 200481
1490 380 907642
1464 132 3842
357 685 319552
972 651 726775
437 430 72952
1251 536 1275391
1121 570 897282
1423 118 253625
1089 284 73351
1515 270 129935
44 512 1426
485 775 673397
870 283 400561
963 407 147291
554 443 459001
1705 94 146440
1463 366 628309
836 541 661911
1748 29 75890
1459 744 1343416
1145 339 215355
362 423 258497
1759 444 59335
1391 607 1581799
1626 360 866712
1090 416 131957
1841 230 311254
362 618 158110
152 365 102523
1425 575 1527088
1368 71 114676
174 33 8126
954 143 250617
769 733 182293
237 310 3142
500 199 132729
808 392 164287
282 753 226832
695 504 414404
1489 728 1967235
178 448 82777
453 621 501795
1854 775 46615
899 743 404162
901 131 167255
63 183 3690
791 190 264491
901 423 566327
1580 718 1624478
224 558 233829
994 336 75396
1034 388 118417
707 594 113131
121 692 137653
1372 392 826719
1381 406 49733
1940 349 479219
1242 449 787057
1296 429 445542
253 204 21028
241 797 152821
1925 582 743602
181 488 78311
1611 561 1458682
1335 732 443890
1589 64 154759
1578 355 1047735
108 396 30308
1108 491 5992
330 695 246419
557 488 332215
671 764 442420
772 544 199460
1419 506 766196
1156 240 259759
1237 580 113655
1724 109 229649
1758 616 470013
593 476 323207
1456 405 959934
1626 161 399817
1392 431 949376
140 354 42719
575 172 118336
1874 128 440583
704 164 682
798 687 614939
447 797 435942
1243 589 1459315
481 397 89045
766 422 618509
690 214 13843
1825 353 1006457
1055 79 125978
1990 304 1031047
316 607 379795
1622 605 1530081
1836 203 224549
1065 597 1043096
770 677 71262
1278 595 919615
1499 484 251800
453 661 474888
209 67 25752
889 457 804323
1295 372 414644
1369 745 1860628
130 180 34330
1686 445 530746
983 766 616490
1476 43 32252
791 293 413318
670 346 218796
1254 106 154902
1467 194 205546
1184 641 426698
1107 9 5662
386 490 293550
1467 576 500098
1592 758 1738623
297 634 227713
349 176 97518
84 45 6615
31 50 3020
1244 269 400514
66 652 47746
811 110 36406
1100 495 835356
769 761 105803
882 704 1022168
912 552 22897
137 100 22152
54 535 33929
1468 117 56870
939 161 24570
1004 578 151797
1661 588 967866
279 487 35228
986 456 889928
1468 489 1412631
1411 553 1044985
1940 689 264058
1843 742 657329
1791 161 473423
93 651 7435
1862 455 576970
283 467 82399
1516 345 250464
892 130 147351
931 749 917599
1226 112 12231
424 451 264583
521 693 271066
305 436 245204
1806 80 216455
618 341 292937
808 175 66127
1536 491 314232
1551 534 843941
1621 264 586278
1332 641 140149
1594 264 232151
897 737 689629
940 641 484430
1896 798 1353837
702 568 698882
714 527 18808
1592 462 477914
1615 765 2237519
472 385 103255
1629 68 43743
497 14 10711
1367 462 1219291
1729 201 313337
79 448 36509
859 349 366800
1228 262 483538
524 654 175839
1909 620 48987
628 291 191420
1962 319 894083
1488 15 19068
1278 181 130477
556 262 112226
1275 692 1522217
1591 750 2210618
826 330 384739
1435 53 109014
9 313 2274
1396 140 105934
271 53 28351
1613 693 1240341
1721 722 1234920
1841 78 66257
562 552 226472
131 94 16869
1248 519 538974
978 305 199102
562 713 690991
1965 460 436606
10 730 5411
326 695 230903
1057 367 337518
272 207 77373
1348 769 1899564
715 99 43799
1583 498 773491
1533 275 101971
734 436 536592
1800 352 243147
1006 314 607869
1016 639 1230363
1670 447 1309961
245 718 134039
1650 465 1291767
805 731 687337
1654 666 852178
1372 598 1105645
1043 483 390812
1730 283 111752
476 40 15465
1904 255 327815
1978 276 692166
418 472 106099
1769 121 219426
1887 126 137042
904 579 1015335
769 750 1078964
461 144 107375
189 625 225379
620 701 398448
116 556 36974
650 86 111001
1983 455 949342
386 623 465377
1205 110 63918
1154 165 315328
169 485 145567
132 546 110237
130 686 136917
1610 457 941689
1929 172 163517
454 373 324794
854 708 639376
1726 645 1206871
1070 649 91700
1339 202 525792
186 322 116780
1334 6 4677
1826 87 95302
95 497 87848
263 377 31053
939 431 740402
452 484 177853
1220 561 1061505
1010 782 1390425
1709 120 235698
924 305 182860
1775 391 1207467
372 616 134319
1253 710 934151
1743 125 104228
1603 215 467708
1836 267 165305
1128 286 103546
1864 447 1223207
1248 155 127
786 630 537903
997 404 559229
365 375 135321
1019 780 821602
570 122 109078
1297 524 1057957
6 312 2495
1198 191 232204
1655 455 621624
1742 54 1836
1500 439 729409
1114 587 731228
1919 151 127625
1739 370 958670
1372 491 55007
730 539 317278
1454 144 162425
1644 493 966880
871 548 806094
496 641 422483
1875 92 200970
283 5 2318
198 675 41159
1288 765 1839580
1157 537 1224636
1899 466 1124708
1469 671 1078633
997 714 946683
668 336 109694
345 431 215338
924 257 219633
245 91 16646
952 688 210368
1762 376 967133
1693 284 865125
1314 535 229670
273 403 160898
1279 551 127307
1178 371 266380
1623 315 51102
1413 790 718790
1693 634 1401836
1930 786 105387
42 499 40746
118 592 38310
1530 305 322764
1711 530 1764698
1762 608 706228
1326 585 1051638
1977 560 1158465
210 372 111174
1899 464 1188752
30 394 10945
96 387 17491
442 504 53218
1871 385 1005691
986 495 837360
903 256 53059
970 733 399232
560 661 514491
1664 470 1143982
1557 320 969277
836 749 322078
452 396 107752
1815 437 1346023
1320 259 113647
1930 44 78701
621 98 109276
1968 268 113064
1851 379 301978
1541 42 118861
1154 750 595280
382 386 119588
1156 437 230472
1163 603 151382
1578 675 1920923
1224 156 20714
165 377 99956
864 696 695479
296 546 14225
787 486 181214
900 791 622055
531 772 180072
1711 727 1437059
1238 242 159575
1201 619 1385641
1823 642 1591065
793 358 211461
308 374 3364
394 269 22933
1258 607 708266
563 706 142340
569 789 862729
1761 451 1423182
1293 88 43387
627 488 302613
1436 311 427710
352 655 146652
1644 114 136721
1631 107 344811
163 564 74539
1132 278 28157
1691 446 921209
221 558 142523
230 250 66306
880 477 356753
100 664 50855
1114 615 461569
85 258 29782
581 640 585840
545 2 1275
1467 685 1264322
247 375 135970
1415 547 995819
1033 777 568099
690 56 13977
883 508 307584
489 21 6776
1950 457 792995
1571 237 156272
803 781 739963
197 647 12635
669 94 42313
1490 260 462891
68 445 4339
1696 734 782363
1704 368 1123766
1175 457 791356
812 406 40434
1906 328 925758
439 330 37578
925 527 210026
495 747 599161
1191 636 391353
882 303 156745
500 351 331810
1278 6 4874
611 381 249796
316 744 78679
829 650 113318
26 288 1480
1155 13 26598
1683 59 112186
1503 450 1258911
735 483 622825
411 134 30943
1221 612 812069
750 22 9905
1135 690 796548
325 318 94597
594 296 34713
393 250 91249
622 732 317695
1597 587 609782
807 521 94532
1024 84 129896
1238 456 1086091
562 405 225868
1466 739 1487877
1114 615 995139
1410 8 16374
1146 753 1031899
894 174 241155
1853 523 1617567
860 129 196397
1150 704 281392
1573 294 649387
1759 55 42581
1966 721 2830669
1215 634 679035
333 443 234805
1698 789 1564639
112 434 36760
1962 686 1329370
398 746 532715
507 647 431802
698 619 57803
897 377 294560
1147 294 56754
1640 260 656551
346 592 282145
1860 241 719253
926 705 795719
518 666 516676
231 264 15453
1225 722 1475599
523 619 437363
65 315 32445
1710 214 227131
1627 605 1894300
577 150 91094
322 10 934
1654 135 332598
172 604 113832
1728 435 598351
1180 11 25472
1679 485 1381112
1147 550 582077
1344 259 31802
234 238 32462
1383 414 878787
1828 335 921996
562 789 189391
751 512 592342
6 639 1828
1428 571 1445043
819 249 365667
1581 195 124416
609 338 408983
1402 523 861732
1247 658 542505
1193 85 177944
1101 198 270016
1543 101 138779
1388 106 270170
1220 286 656996
614 304 324604
1740 236 311102
1368 44 101904
1206 197 38338
529 595 603061
617 140 132448
1440 440 794885
1003 382 528705
1830 121 270523
1647 92 5920
1634 305 18523
1469 797 2115565
650 164 78166
521 169 14631
1315 249 401237
1117 465 67306
1756 257 660487
1793 411 1036092
329 192 20165
1371 238 564072
1050 671 735137
185 139 543
355 341 48368
520 461 377288
82 127 7412
991 796 871192
86 151 25272
1173 343 795753
1440 672 132602
980 794 1516712
1364 196 234214
852 780 19313
1536 286 232773
783 5 5915
150 39 6972
517 629 321491
148 666 124625
836 238 246168
638 430 92743
679 561 607140
1662 724 643891
164 327 106038
708 262 100491
1592 244 54240
1336 345 206454
1959 461 945254
577 609 404157
946 596 574961
1209 385 159600
991 263 486892
718 277 213394
1441 40 75752
1342 299 475894
1481 690 803569
376 777 199290
109 688 133718
374 64 29846
904 561 747369
872 569 821945
773 311 260680
883 229 198710
1268 69 53763
779 162 226805
1304 794 30886
1273 369 741438
1890 77 210121
615 2 1057
653 106 38525
485 529 205308
1454 102 176820
1885 184 5648
144 603 89796
42 533 1626
990 237 259155
227 661 185400
1792 550 882012
1645 716 614374
361 520 356791
1589 557 1156997
538 410 294612
550 246 143187
1637 789 2321903
297 382 224418
1870 571 1468802
1836 349 689818
571 140 51263
183 184 38658
1748 96 319962
170 437 125558
320 526 100959
972 675 74324
1358 664 1680360
747 112 7045
972 781 997895
633 616 729515
1706 787 1756998
80 121 10750
369 220 51365
282 389 76993
1599 708 1056895
477 479 274351
1152 589 515672
1767 135 249607
363 258 143623
1929 490 1572955
1395 595 464283
201 674 246521
1990 194 8784
1826 476 352756
1299 26 28483
1649 55 5352
721 6 6322
1209 125 83626
1055 87 44503
834 16 1986
380 610 304468
264 762 291157
668 751 882854
1691 129 333263
1854 579 1272703
1476 227 320705
1177 547 845204
1018 507 933522
1745 762 190545
1977 747 2670228
1402 278 93169
669 141 123807
913 8 5745
151 98 28869
1367 703 1202671
1457 578 333861
1953 107 288484
359 676 433914
1736 21 42443
800 349 486005
1831 551 1852680
576 771 694550
530 436 145181
386 186 63926
323 304 123868
1637 113 2234
330 465 6920
1121 375 804197
1218 511 626699
1677 510 23708
33 293 9134
667 468 343708
1840 549 335607
221 486 178720
202 408 115296
934 797 1384036
947 278 438484
1066 198 159
1364 615 47341
531 691 486506
1950 276 58086
319 542 41681
1362 733 222205
1289 505 669509
952 307 136186
1719 392 434838
1750 538 1812123
646 755 755100
1116 118 162407
1248 600 963929
1489 501 1307320
727 371 490561
831 533 385362
684 621 84830
1374 724 1267616
871 443 684943
