2000 1600
250
1107 852 468008
1386 1428 1806327
1271 470 595959
71 1356 28379
1043 461 236317
713 42 59355
1348 184 437175
510 1273 69458
3 1216 3971
331 1322 70384
1567 1228 2044099
486 1014 643807
1340 1036 1142820
1039 1506 893615
1817 149 419899
533 1213 1205728
1460 160 2043
890 670 20516
1588 224 125427
438 554 105964
1086 872 408648
536 958 308861
1814 1497 534216
1513 1287 2645152
1719 255 210200
786 1588 217066
1445 599 74411
288 240 62102
755 1027 142095
837 217 77603
193 54 1458
1576 1389 3927507
372 1555 1103940
555 1467 868746
196 1138 9105
1985 1475 5455420
986 919 988594
899 358 316041
232 1064 263388
637 1501 1533472
1499 45 72939
32 420 15957
723 1591 1360681
1262 497 451894
1039 693 574873
1871 1429 1429295
642 1167 150979
811 65 40123
1972 1096 4195064
1359 1284 300900
114 734 135312
1322 766 1457811
1870 1440 197785
1573 1501 360972
294 891 290626
104 762 95666
1788 1355 841632
1494 518 658696
806 89 140764
1886 647 1905655
865 360 107305
289 881 327512
83 1102 110205
268 274 2753
101 119 405
1778 174 459380
1283 761 811773
307 1455 234686
1394 1012 1097708
1481 497 1313334
852 514 111465
1356 402 365817
1025 1284 1557214
933 1103 1278804
1045 355 680710
1695 1332 1282764
1459 1367 1841316
1329 473 203920
116 1018 144598
1791 899 220986
1712 950 2856775
344 305 16008
1008 881 959964
1573 1365 3001036
1612 1209 3591493
474 1303 639020
1557 1513 3774802
1000 441 110894
1002 908 410616
367 698 333962
628 1161 547751
1355 1056 58191
834 1263 1307635
797 388 300411
215 751 241115
1187 424 200481
1490 1180 967242
1464 132 3842
357 1485 776512
972 1451 382687
437 1230 20512
1251 1336 14383
1121 570 897282
1423 918 1528633
1089 284 73351
1515 1070 735935
44 512 1426
485 1575 1206897
870 1083 59521
963 1207 1083327
554 1243 562045
1705 94 146440
1463 366 628309
836 1341 71695
1748 29 75890
1459 1544 876536
1145 339 215355
362 423 258497
1759 444 59335
1391 607 1581799
1626 1160 1517112
1090 1216 2364277
1841 230 311254
362 618 158110
152 1165 158763
1425 575 1527088
1368 871 445732
174 33 8126
954 943 117057
769 733 182293
237 1110 225922
500 999 696729
808 392 164287
282 753 226832
695 504 414404
1489 1528 275731
178 1248 14425
453 621 501795
1854 775 46615
899 743 404162
901 131 167255
63 183 3690
791 990 976391
901 423 566327
1580 718 1624478
224 558 233829
994 336 75396
1034 388 118417
707 1394 305435
121 1492 345773
1372 392 826719
1381 406 49733
1940 1149 2368779
1242 1249 2672413
1296 429 445542
253 1004 450116
241 797 152821
1925 1382 3407802
181 488 78311
1611 1361 2550940
1335 1532 1373050
1589 64 154759
1578 1155 3225375
108 396 30308
1108 1291 1654696
330 695 246419
557 1288 1330359
671 1564 1634116
772 544 199460
1419 1306 3649604
1156 240 259759
1237 1380 212615
1724 109 229649
1758 616 470013
593 1276 1504463
1456 1205 887134
1626 961 2422561
1392 431 949376
140 1154 305919
575 172 118336
1874 128 440583
704 964 811690
798 1487 144119
447 797 435942
1243 589 1459315
481 397 89045
766 1222 250829
690 214 13843
1825 353 1006457
1055 79 125978
1990 304 1031047
316 1407 607947
1622 1405 1935581
1836 1003 1572173
1065 597 1043096
770 1477 1326362
1278 1395 2759935
1499 484 251800
453 1461 239328
209 67 25752
889 1257 590963
1295 1172 2776724
1369 745 1860628
130 980 101930
1686 445 530746
983 1566 997894
1476 43 32252
791 293 413318
670 1146 374236
1254 106 154902
1467 994 1555186
1184 1441 3000714
1107 809 339976
386 1290 177750
1467 1376 3973954
1592 758 1738623
297 1434 402349
349 976 309710
84 45 6615
31 850 3020
1244 269 400514
66 652 47746
811 910 279706
1100 1295 483356
769 761 105803
882 1504 909272
912 1352 504433
137 100 22152
54 535 33929
1468 917 324046
939 161 24570
1004 1378 979093
1661 1388 3253402
279 487 35228
986 1256 1095016
1468 489 1412631
1411 1353 3068359
1940 689 264058
1843 1542 2279169
1791 961 258503
93 651 7435
1862 455 576970
283 467 82399
1516 345 250464
892 930 593351
931 1549 852429
1226 912 404551
424 451 264583
521 693 271066
305 1236 384284
