1600 1600
750
1507 852 2061248
1386 1428 1806327
471 470 166379
471 1356 907067
243 461 207735
1513 42 78843
548 184 188407
510 1273 69458
3 1216 3971
331 1322 70384
767 1228 413315
86 1014 92191
540 1036 23940
239 1506 282179
1017 149 135011
1333 1213 715676
1060 160 8443
90 670 33916
788 224 293875
1238 554 285460
286 872 269128
1336 958 2485437
614 1497 264756
1513 1287 2645152
119 255 40370
786 1588 217066
1045 599 1104691
1488 240 246422
1155 1027 1662055
437 217 351
593 54 47574
376 1389 505011
1172 1555 1352740
955 1467 2159706
196 1138 9105
1185 1475 1030420
186 919 271774
499 358 303869
1032 1064 1148636
637 1501 1533472
1499 45 72939
32 420 15957
1123 1591 1879347
62 497 8570
1439 693 239461
1471 1429 3749991
1042 1167 1887475
1211 65 115393
1172 1096 863224
559 1284 15852
1314 734 470016
522 766 795987
670 1440 1090585
773 1501 1849964
294 891 290626
504 762 302930
588 1355 1036752
694 518 652480
6 89 856
1086 647 202751
465 360 121705
1489 881 1321280
883 1102 998417
268 274 2753
1301 119 223887
978 174 338276
483 761 90345
707 1455 1157156
994 1012 2000412
1481 497 1313334
52 514 16889
956 402 709929
1025 1284 1557214
933 1103 1278804
1445 355 347010
95 1332 177204
659 1367 783258
529 473 217164
916 1018 511078
1391 899 2344424
912 950 1610375
344 305 16008
208 881 255164
1173 1365 2326726
812 1209 1357261
1274 1303 451388
757 1513 494618
1000 441 110894
202 908 319816
1567 698 909114
228 1161 436295
555 1056 374991
834 1263 1307635
797 388 300411
1415 751 1052195
787 424 353
1490 1180 967242
1064 132 223490
1557 1485 1204192
572 1451 1380975
37 1230 20512
451 1336 244175
721 570 541602
1423 918 1528633
289 284 4623
1515 1070 735935
844 512 189842
85 1575 198897
470 1083 59521
163 1207 158765
554 1243 562045
505 94 43980
1063 366 313549
836 1341 71695
548 29 16498
1459 1544 876536
745 339 1785
762 423 392165
1359 444 813247
1391 607 1581799
826 1160 1113432
1490 1216 3239797
1441 230 399114
362 618 158110
1352 1165 28283
1025 575 262088
168 871 27652
974 33 12482
154 943 41617
1569 733 1053097
1437 1110 2630182
500 999 696729
808 392 164287
1482 753 154544
295 504 76724
289 1528 416307
1378 1248 2051161
53 621 28593
1454 775 328715
99 743 53466
501 131 118261
463 183 75792
1191 990 1390211
101 423 21503
780 718 418238
1024 558 876645
1394 336 107652
1034 388 118417
707 1394 305435
1321 1492 3207429
172 392 83487
581 406 269785
1540 1149 1081899
842 1249 1518337
896 429 747558
1453 1004 558548
1041 797 152821
725 1382 643802
581 488 51959
1211 1361 1862274
535 1532 407890
1589 64 154759
778 1155 457995
508 396 302756
1108 1291 1654696
1530 695 1705919
1357 1288 2927479
1071 1564 3088636
1172 544 543268
619 1306 862600
1556 240 10159
837 1380 1711295
524 109 22985
1358 616 221149
1393 1276 3117327
256 1205 231614
826 961 904181
592 431 108064
140 1154 305919
175 172 49536
674 128 110343
1104 964 102186
1598 1487 2303243
47 797 23096
43 589 15087
881 397 393147
366 1222 25981
690 214 13843
1425 353 653457
655 79 50138
1190 304 52167
1516 1407 900603
22 1405 58501
236 1003 232165
1065 597 1043096
1570 1477 3482782
78 1395 98275
699 484 558656
853 1461 1744158
1009 67 97174
889 1257 590963
895 1172 1147644
969 745 506218
930 980 729130
86 445 71506
983 1566 997894
676 43 25716
1591 293 681120
670 1146 374236
1254 106 154902
1467 994 1555186
384 1441 141770
707 809 331886
386 1290 177750
1067 1376 544962
1192 758 40703
297 1434 402349
349 976 309710
884 45 5895
831 850 434820
844 269 140122
66 652 47746
11 910 6706
700 1295 1260356
769 761 105803
1282 1504 2274904
1312 1352 115057
937 100 133752
854 535 474769
1468 917 324046
139 161 2996
1404 1378 3018533
461 1388 907682
1479 487 391712
586 1256 1411528
1068 489 575463
1411 1353 3068359
1140 689 1063298
243 1542 419517
991 961 796663
93 651 7435
1062 455 136530
1083 467 264529
1116 345 184224
1292 930 2140871
1331 1549 1320227
826 912 1331143
1224 451 279015
121 693 10498
705 1236 557324
606 880 738695
218 341 61057
1208 975 942527
1536 491 314232
751 1334 292209
1221 1064 1869846
132 1441 81901
394 1064 721495
897 737 689629
1340 1441 2416550
696 1598 2196909
702 1368 1136930
714 527 18808
1192 462 256154
415 765 279119
1272 385 922535
29 68 3079
1297 14 34903
967 462 524443
1329 201 29525
879 448 345629
859 1149 992152
28 262 7746
1324 1454 281455
1509 1420 2856187
1428 1091 2844716
362 1119 790319
288 815 325788
1278 181 130477
956 1062 1055586
475 1492 1271017
1591 750 2210618
426 330 244819
235 53 24214
1209 1113 1631418
196 940 14094
271 853 402331
413 693 368547
121 1522 357156
1441 878 1286009
1362 1352 1243592
131 894 27349
48 1319 110046
1378 1105 1821502
962 713 1010415
365 460 317006
410 730 560211
1126 695 645123
1057 367 337518
272 207 77373
548 1569 295132
715 99 43799
1183 1298 2764747
1533 1075 1558321
334 436 222672
1400 352 524747
206 314 42669
1016 1439 1689595
470 447 317621
1445 718 844859
1250 1265 1709767
805 1531 1600207
1254 666 348682
972 598 1009965
643 483 553100
130 283 21192
76 40 3305
304 1055 634055
778 1076 171190
18 472 11699
169 121 22196
287 926 67714
504 579 144519
1569 1550 4848764
61 144 5135
589 1425 349129
1020 1501 2055328
1316 1356 2207246
1450 86 76601
1583 1255 3072962
386 1423 396669
5 110 118
1154 165 315328
1369 1285 2672807
132 1346 269693
530 1486 1349237
1210 457 247049
329 172 30389
54 1173 115606
854 708 639376
526 645 239371
1470 649 1039240
139 202 11500
986 1122 1130684
1334 806 735709
226 887 135270
95 497 87848
1463 377 619173
539 431 339572
852 1284 1302045
820 1361 779705
610 782 889945
509 920 853298
124 305 46220
575 1191 164417
772 1416 1300527
853 1510 2063271
943 925 196078
1203 1015 1137958
1036 267 86273
1128 1086 1894810
264 1247 593735
48 155 127
1186 1430 2381983
1397 404 257037
365 1175 135321
219 1580 673042
570 922 818158
1297 524 1057957
406 1112 412255
798 191 265820
55 455 2824
542 54 38772
1500 1239 2907409
714 587 433032
1119 951 1724895
1339 1170 275250
572 1291 457399
730 539 317278
1454 944 627705
844 1293 1746184
871 1348 1607414
96 1441 75315
1075 892 1780970
283 5 2318
598 675 462359
488 1565 530300
357 537 4572
699 1266 1124708
669 671 710925
597 1514 72087
268 336 66686
1545 431 176548
124 1057 245617
645 891 568906
152 1488 122816
162 376 61725
893 284 227261
1314 535 229670
673 1203 1056650
79 1351 210221
778 1171 100064
1223 1115 288812
613 790 895750
893 1434 2189620
730 1586 1002827
1242 1299 1146114
118 592 38310
1130 305 554564
911 530 641098
1362 608 715956
126 1385 59838
377 560 180705
610 1172 804054
299 464 73296
430 1194 202465
896 387 314707
842 504 401986
1071 1185 122221
1386 495 589860
1303 256 51011
970 1533 28692
1360 1461 1837051
1264 470 843182
357 320 203197
436 749 82398
52 1196 11528
1415 437 1031383
1320 1059 591487
1530 844 1452141
221 98 24996
1568 1068 1902504
651 379 51838
741 42 18061
1554 1550 597680
782 386 450004
756 437 62664
1563 1403 311504
378 675 171323
824 156 108074
165 377 99956
464 1496 287159
696 546 346193
787 1286 1040618
900 791 622055
1331 1572 2669088
911 727 174987
1238 242 159575
401 619 58505
623 1442 211985
793 1158 1718161
1508 1174 3382180
794 269 155281
458 607 380486
163 1506 170720
969 789 1506553
561 1251 434502
1293 888 1574299
227 1288 404677
1436 311 427710
752 655 817372
444 114 35489
31 907 10903
163 1364 366635
1132 1078 1934445
1291 446 34561
1421 558 769715
230 250 66306
880 477 356753
100 1464 214055
314 615 136849
85 1058 165442
581 640 585840
1345 802 1586975
667 1485 1365392
1047 1175 2278420
615 547 230019
1433 777 140749
1090 56 61017
883 1308 2306696
89 21 518
1550 1257 3306095
371 237 20708
803 1581 1689109
997 647 1179823
669 94 42313
1490 260 462891
1268 1245 2450019
1296 734 1087707
904 1168 1352886
375 1257 501706
12 1206 21618
706 1128 991006
439 330 37578
525 1327 920126
495 1547 489271
1191 1436 2954385
1282 1103 1340481
100 351 51010
1278 806 1374890
1011 1181 1754092
316 744 78679
429 1450 381118
1226 288 343624
1555 813 1352928
483 859 424624
1103 450 166311
1535 1283 240995
11 934 17431
821 612 16469
750 22 9905
335 1490 607348
1125 318 460297
994 1096 1399865
1193 1050 1056649
222 1532 153055
797 587 681396
1207 521 1138616
224 84 33128
38 456 9931
1362 1205 501748
666 1539 1013649
714 615 193179
610 8 9654
346 753 31915
894 974 952779
253 1323 235673
60 929 29477
1150 704 281392
1573 294 649387
559 55 27621
1166 721 1108921
1215 1434 2443215
1133 443 461621
98 789 128659
112 1234 81112
762 1486 2219938
398 1546 434011
107 647 134182
1498 619 815459
1297 1177 1951486
1147 294 56754
40 1060 50151
1146 592 1096737
660 241 314373
926 1505 2119899
118 666 45148
631 1064 824317
25 722 31599
123 619 101865
65 315 32445
510 1014 266371
1227 605 898470
177 150 16694
722 810 314974
454 135 36678
972 1404 314984
928 435 598351
380 11 5672
479 1285 226582
747 1350 727877
144 259 56666
1434 1038 1868966
583 1214 606695
1028 335 268076
562 789 189391
1151 1312 1545942
806 639 566704
628 571 686755
19 1049 12297
1181 195 17946
609 338 408983
602 1323 96448
47 1458 36409
793 885 1182494
301 998 181344
1543 101 138779
988 906 1346442
420 1086 87236
1014 1104 217212
140 236 37342
168 844 203472
6 997 6682
1329 595 520951
217 940 33048
1040 1240 974085
603 1182 592753
1030 121 226963
47 92 2240
1234 1105 1637723
269 797 284059
650 964 790566
921 969 740003
915 249 157217
317 465 94276
156 1057 117863
993 1211 2404164
329 192 20165
571 238 179940
1450 1471 3401337
1385 139 125643
1555 341 757648
520 1261 897288
482 127 40432
591 1596 1370520
486 151 24064
1173 1143 1856145
1440 1472 3542522
1380 1594 4055512
964 996 1916134
52 780 69233
1536 286 232773
783 805 765425
550 839 311572
117 1429 210721
148 1466 205729
1236 1038 291320
1038 430 233783
1479 1361 2866338
1262 724 1336035
1364 327 459198
708 262 100491
392 1044 6944
1336 1145 2731494
359 1261 580788
977 1409 570741
146 596 126769
9 1185 20850
191 1063 229380
1518 277 480422
641 40 26472
542 299 184070
281 690 346789
376 1577 615146
1309 1488 229910
1174 864 74518
904 561 747369
72 569 39001
373 311 139390
883 229 198710
68 869 7227
1179 962 235157
504 794 653382
873 1169 1764936
1490 877 1834421
615 2 1057
253 906 424689
485 529 205308
1454 902 1113196
285 184 33248
544 1403 849604
842 533 715846
990 1037 845235
227 1461 78256
592 1350 528412
845 1516 680814
361 1320 299031
1589 1357 3766135
1338 1210 1583372
950 1046 1896587
1237 1589 2568057
1497 382 753870
670 1371 1148762
636 1149 214402
171 140 5623
583 984 786978
548 896 808922
970 437 125558
320 1326 496479
572 675 144524
558 1464 141928
347 912 504805
1372 1581 3297527
233 616 262587
106 787 91706
880 921 830910
1569 1020 475445
1082 389 638709
799 708 288007
1277 1279 785499
752 1389 483704
1367 135 96517
763 1058 1486119
1529 1290 1084435
1395 1395 2710233
1401 674 804593
790 194 229944
626 1276 942884
899 26 44811
449 855 468242
1121 6 4174
1209 925 990376
1055 87 44503
434 16 11074
1580 1410 4233668
1464 762 1973653
668 1551 630350
891 129 100805
1054 579 163339
1476 1027 2794481
1577 547 804726
1018 1307 1002746
145 762 15285
777 747 366480
202 278 55361
1469 141 56973
913 808 1203601
551 98 97077
567 703 661361
1057 578 1218201
353 107 32326
359 676 433914
136 821 151323
1600 1149 1423605
1031 1351 2725490
976 771 373814
530 1236 628541
1186 186 14078
1523 304 96508
837 913 1499084
730 1265 899020
721 1175 488447
418 1311 1001903
877 1310 1504648
33 293 9134
1067 1268 82964
640 1349 1073847
1021 486 103876
602 408 371520
1334 797 19572
147 1078 287180
666 198 29463
964 615 829621
931 1491 2175926
1150 1076 2174086
1119 542 1156033
962 733 1315841
889 1305 1738109
552 307 18298
519 1192 405606
950 1338 1812123
1046 1555 577980
716 918 268391
1248 1400 464729
1489 501 1307320
1127 1171 1328321
431 533 75156
1084 1421 2666918
174 1524 303440
1271 443 1070353
