2000 1600
1000
1107 852 468008
1386 1428 1806327
1271 470 595959
71 1356 28379
1043 461 236317
713 42 59355
1348 184 437175
510 1273 69458
3 1216 3971
331 1322 70384
1567 1228 2044099
486 1014 643807
1340 1036 1142820
1039 1506 893615
1817 149 419899
533 1213 1205728
1460 160 2043
890 670 20516
1588 224 125427
438 554 105964
1086 872 408648
536 958 308861
1814 1497 534216
1513 1287 2645152
1719 255 210200
786 1588 217066
1445 599 74411
288 240 62102
755 1027 142095
837 217 77603
193 54 1458
1576 1389 3927507
372 1555 1103940
555 1467 868746
196 1138 9105
1985 1475 5455420
986 919 988594
899 358 316041
232 1064 263388
637 1501 1533472
1499 45 72939
32 420 15957
723 1591 1360681
1262 497 451894
1039 693 574873
1871 1429 1429295
642 1167 150979
811 65 40123
1972 1096 4195064
1359 1284 300900
114 734 135312
1322 766 1457811
1870 1440 197785
1573 1501 360972
294 891 290626
104 762 95666
1788 1355 841632
1494 518 658696
806 89 140764
1886 647 1905655
865 360 107305
289 881 327512
83 1102 110205
268 274 2753
101 119 405
1778 174 459380
1283 761 811773
307 1455 234686
1394 1012 1097708
1481 497 1313334
852 514 111465
1356 402 365817
1025 1284 1557214
933 1103 1278804
1045 355 680710
1695 1332 1282764
1459 1367 1841316
1329 473 203920
116 1018 144598
1791 899 220986
1712 950 2856775
344 305 16008
1008 881 959964
1573 1365 3001036
1612 1209 3591493
474 1303 639020
1557 1513 3774802
1000 441 110894
1002 908 410616
367 698 333962
628 1161 547751
1355 1056 58191
834 1263 1307635
797 388 300411
215 751 241115
1187 424 200481
1490 1180 967242
1464 132 3842
357 1485 776512
972 1451 382687
437 1230 20512
1251 1336 14383
1121 570 897282
1423 918 1528633
1089 284 73351
1515 1070 735935
44 512 1426
485 1575 1206897
870 1083 59521
963 1207 1083327
554 1243 562045
1705 94 146440
1463 366 628309
836 1341 71695
1748 29 75890
1459 1544 876536
1145 339 215355
362 423 258497
1759 444 59335
1391 607 1581799
1626 1160 1517112
1090 1216 2364277
1841 230 311254
362 618 158110
152 1165 158763
1425 575 1527088
1368 871 445732
174 33 8126
954 943 117057
769 733 182293
237 1110 225922
500 999 696729
808 392 164287
282 753 226832
695 504 414404
1489 1528 275731
178 1248 14425
453 621 501795
1854 775 46615
899 743 404162
901 131 167255
63 183 3690
791 990 976391
901 423 566327
1580 718 1624478
224 558 233829
994 336 75396
1034 388 118417
707 1394 305435
121 1492 345773
1372 392 826719
1381 406 49733
1940 1149 2368779
1242 1249 2672413
1296 429 445542
253 1004 450116
241 797 152821
1925 1382 3407802
181 488 78311
1611 1361 2550940
1335 1532 1373050
1589 64 154759
1578 1155 3225375
108 396 30308
1108 1291 1654696
330 695 246419
557 1288 1330359
671 1564 1634116
772 544 199460
1419 1306 3649604
1156 240 259759
1237 1380 212615
1724 109 229649
1758 616 470013
593 1276 1504463
1456 1205 887134
1626 961 2422561
1392 431 949376
140 1154 305919
575 172 118336
1874 128 440583
704 964 811690
798 1487 144119
447 797 435942
1243 589 1459315
481 397 89045
766 1222 250829
690 214 13843
1825 353 1006457
1055 79 125978
1990 304 1031047
316 1407 607947
1622 1405 1935581
1836 1003 1572173
1065 597 1043096
770 1477 1326362
1278 1395 2759935
1499 484 251800
453 1461 239328
209 67 25752
889 1257 590963
1295 1172 2776724
1369 745 1860628
130 980 101930
1686 445 530746
983 1566 997894
1476 43 32252
791 293 413318
670 1146 374236
1254 106 154902
1467 994 1555186
1184 1441 3000714
1107 809 339976
386 1290 177750
1467 1376 3973954
1592 758 1738623
297 1434 402349
349 976 309710
84 45 6615
31 850 3020
1244 269 400514
66 652 47746
811 910 279706
1100 1295 483356
769 761 105803
882 1504 909272
912 1352 504433
137 100 22152
54 535 33929
1468 917 324046
939 161 24570
1004 1378 979093
1661 1388 3253402
279 487 35228
986 1256 1095016
1468 489 1412631
1411 1353 3068359
1940 689 264058
1843 1542 2279169
1791 961 258503
93 651 7435
1862 455 576970
283 467 82399
1516 345 250464
892 930 593351
931 1549 852429
1226 912 404551
424 451 264583
521 693 271066
305 1236 384284
1806 880 1372295
618 341 292937
808 975 146927
1536 491 314232
1551 1334 2754773
1621 1064 197238
1332 1441 2260693
1594 1064 308663
897 737 689629
940 1441 168590
1896 1598 739533
702 1368 1136930
714 527 18808
1592 462 477914
1615 765 2237519
472 385 103255
1629 68 43743
497 14 10711
1367 462 1219291
1729 201 313337
79 448 36509
859 1149 992152
1228 262 483538
524 1454 1479551
1909 1420 5165107
628 1091 531796
1962 1119 4272647
1488 815 1655868
1278 181 130477
556 1062 307938
1275 1492 1420217
1591 750 2210618
826 330 384739
1435 53 109014
9 1113 1986
1396 940 1390254
271 853 402331
1613 693 1240341
1721 1522 2067884
1841 878 736381
562 1352 810952
131 894 27349
1248 1319 1123038
978 1105 707662
562 713 690991
1965 460 436606
10 730 5411
326 695 230903
1057 367 337518
272 207 77373
1348 1569 546172
715 99 43799
1583 1298 716503
1533 1075 1558321
734 436 536592
1800 352 243147
1006 314 607869
1016 1439 1689595
1670 447 1309961
245 718 134039
1650 1265 1456767
805 1531 1600207
1654 666 852178
1372 598 1105645
1043 483 390812
1730 283 111752
476 40 15465
1904 1055 1241735
1978 1076 2749286
418 472 106099
1769 121 219426
1887 926 1291886
904 579 1015335
769 1550 1847964
461 144 107375
189 1425 178129
620 1501 1454928
116 1356 167822
650 86 111001
1983 1255 4122142
386 1423 396669
1205 110 63918
1154 165 315328
169 1285 326397
132 1346 269693
130 1486 309037
1610 457 941689
1929 172 163517
454 1173 434662
854 708 639376
1726 645 1206871
1070 649 91700
1339 202 525792
186 1122 327332
1334 806 735709
1826 887 2246330
95 497 87848
263 377 31053
939 431 740402
452 1284 521373
1220 1361 1215225
1010 782 1390425
1709 920 1876338
924 305 182860
1775 1191 1534067
372 1416 122415
1253 1510 2437751
1743 925 627128
1603 1015 1990558
1836 267 165305
1128 1086 1894810
1864 1247 74983
1248 155 127
786 1430 1512543
997 404 559229
365 1175 135321
1019 1580 1229202
570 922 818158
1297 524 1057957
6 1112 7487
1198 191 232204
1655 455 621624
1742 54 1836
1500 1239 2907409
1114 587 731228
1919 951 3516579
1739 1170 2245530
1372 1291 1841351
730 539 317278
1454 944 627705
1644 1293 753160
871 1348 1607414
496 1441 167539
1875 892 665970
283 5 2318
198 675 41159
1288 1565 1581980
1157 537 1224636
1899 1266 182804
1469 671 1078633
997 1514 1804103
668 336 109694
345 431 215338
924 1057 685329
245 891 274876
952 1488 27584
1762 376 967133
1693 284 865125
1314 535 229670
273 1203 118310
1279 1351 526355
1178 1171 2231284
1623 1115 2712822
1413 790 718790
1693 1434 3832984
1930 1586 4428587
42 1299 23778
118 592 38310
1530 305 322764
1711 530 1764698
1762 608 706228
1326 1385 2735658
1977 560 1158465
210 1172 30534
1899 464 1188752
30 1194 11425
96 387 17491
442 504 53218
1871 1185 3980581
986 495 837360
903 256 53059
970 1533 28692
560 1461 902011
1664 470 1143982
1557 320 969277
836 749 322078
452 1196 346408
1815 437 1346023
1320 1059 591487
1930 844 3089501
621 98 109276
1968 1068 569640
1851 379 301978
1541 42 118861
1154 1550 479880
382 386 119588
1156 437 230472
1163 1403 558432
1578 675 1920923
1224 156 20714
165 377 99956
864 1496 239287
296 546 14225
787 1286 1040618
900 791 622055
531 1572 817272
1711 727 1437059
1238 242 159575
1201 619 1385641
1823 1442 2954669
793 1158 1718161
308 1174 29236
394 269 22933
1258 607 708266
563 1506 459872
569 789 862729
1761 1251 3279276
1293 888 1574299
627 1288 623637
1436 311 427710
352 655 146652
1644 114 136721
1631 907 1219027
163 1364 366635
1132 1078 1934445
1691 446 921209
221 558 142523
230 250 66306
880 477 356753
100 1464 214055
1114 615 461569
85 1058 165442
581 640 585840
545 802 23075
1467 1485 46712
247 1175 555870
1415 547 995819
1033 777 568099
690 56 13977
883 1308 2306696
489 21 6776
1950 1257 2551895
1571 237 156272
803 1581 1689109
197 647 12635
669 94 42313
1490 260 462891
68 1245 39699
1696 734 782363
1704 1168 1614518
1175 1257 438856
812 1206 89154
1906 1128 2511550
439 330 37578
925 1327 2313476
495 1547 489271
1191 1436 2954385
882 1103 1137529
500 351 331810
1278 806 1374890
611 1181 733708
316 744 78679
829 1450 444918
26 288 1480
1155 813 239118
1683 859 1280188
1503 450 1258911
735 1283 677215
411 934 157531
1221 612 812069
750 22 9905
1135 1490 3021148
325 318 94597
594 1096 509913
393 1050 405649
622 1532 870031
1597 587 609782
807 521 94532
1024 84 129896
1238 456 1086091
562 1205 1012668
1466 1539 379581
1114 615 995139
1410 8 16374
1146 753 1031899
894 974 952779
1853 1323 3715163
860 929 401077
1150 704 281392
1573 294 649387
1759 55 42581
1966 721 2830669
1215 1434 2443215
333 443 234805
1698 789 1564639
112 1234 81112
1962 1486 26602
398 1546 434011
507 647 431802
698 619 57803
897 1177 1313552
1147 294 56754
1640 1060 3018151
346 592 282145
1860 241 719253
926 1505 2119899
518 666 516676
231 1064 196557
1225 722 1475599
523 619 437363
65 315 32445
1710 1014 1848211
1627 605 1894300
577 150 91094
322 810 39574
1654 135 332598
172 1404 371144
1728 435 598351
1180 11 25472
1679 1285 3547022
1147 1350 582077
1344 259 31802
234 1038 448982
1383 1214 3202227
1828 335 921996
562 789 189391
751 1312 352022
6 639 1828
1428 571 1445043
819 1049 1661325
1581 195 124416
609 338 408983
1402 1323 1086052
1247 1458 3395641
1193 885 428474
1101 998 1626448
1543 101 138779
1388 906 614394
1220 1086 1520756
614 1104 835452
1740 236 311102
1368 844 649104
1206 997 269890
529 595 603061
617 940 157128
1440 1240 1370885
1003 1182 1375237
1830 121 270523
1647 92 5920
1634 1105 3449923
1469 797 2115565
650 964 790566
521 969 645041
1315 249 401237
1117 465 67306
1756 1057 3508719
1793 1211 3280928
329 192 20165
1371 238 564072
1050 1471 1489037
185 139 543
355 341 48368
520 1261 897288
82 127 7412
991 1596 1878048
86 151 25272
1173 1143 1856145
1440 1472 3542522
980 1594 293672
1364 996 561574
852 780 19313
1536 286 232773
783 805 765425
150 839 143772
517 1429 1153861
148 1466 205729
836 1038 540440
638 430 92743
679 1361 19126
1662 724 643891
164 327 106038
708 262 100491
1592 1044 1760864
1336 1145 2731494
1959 1261 651404
577 1409 1218881
946 596 574961
1209 1185 2601780
991 1063 1339152
718 277 213394
1441 40 75752
1342 299 475894
1481 690 803569
376 1577 615146
109 1488 18614
374 864 53782
904 561 747369
872 569 821945
773 311 260680
883 229 198710
1268 869 1529715
779 962 1174069
1304 794 30886
1273 1169 2594926
1890 877 2746501
615 2 1057
653 906 725481
485 529 205308
1454 902 1113196
1885 184 5648
144 1403 131268
42 533 1626
990 1037 845235
227 1461 78256
1792 1350 4286812
1645 1516 1074974
361 1320 299031
1589 1357 3766135
538 1210 886412
550 1046 745987
1637 1589 203625
297 382 224418
1870 1371 2602022
1836 1149 1538050
571 140 51263
183 984 100146
1748 896 543706
170 437 125558
320 1326 496479
972 675 74324
1358 1464 1658632
747 912 891493
972 1581 2399519
633 616 729515
1706 787 1756998
80 921 94110
369 1020 420365
282 389 76993
1599 708 1056895
477 1279 414589
1152 1389 2750552
1767 135 249607
363 1058 548731
1929 1290 2691775
1395 1395 2710233
201 674 246521
1990 194 8784
1826 1276 922468
1299 26 28483
1649 855 2099582
721 6 6322
1209 925 990376
1055 87 44503
834 16 1986
380 1410 1018868
264 762 291157
668 1551 630350
1691 129 333263
1854 579 1272703
1476 1027 2794481
1177 547 845204
1018 1307 1002746
1745 762 190545
1977 747 2670228
1402 278 93169
669 141 123807
913 808 1203601
151 98 28869
1367 703 1202671
1457 578 333861
1953 107 288484
359 676 433914
1736 821 1386107
800 1149 1423605
1831 1351 1523100
576 771 694550
530 1236 628541
386 186 63926
323 304 123868
1637 913 2457734
330 1265 317120
1121 1175 187647
1218 1311 760679
1677 1310 996368
33 293 9134
667 1268 711892
1840 1349 210487
221 486 178720
202 408 115296
934 797 1384036
947 1078 1158204
1066 198 159
1364 615 47341
531 1491 294284
1950 1076 3895686
319 542 41681
1362 733 222205
1289 1305 1210889
952 307 136186
1719 1192 984918
1750 1338 1812123
646 1555 5740
1116 918 1318583
1248 1400 464729
1489 501 1307320
727 1171 23827
831 533 385362
684 1421 961718
1374 1524 4180496
871 443 684943
1517 1392 1734992
1639 389 747670
711 1104 462936
1597 751 157639
325 192 36548
929 1318 1204106
425 148 87202
1006 783 1332578
892 508 564938
283 1331 10306
818 847 1124395
1089 837 56928
867 347 274177
1162 1143 1865586
1560 1068 3154453
1307 748 1299810
1777 724 227093
1978 130 87244
1552 1421 1584695
1449 1255 861003
1740 1272 2804311
1822 761 2673532
1045 379 604326
524 1492 1318925
1153 251 210130
1477 1510 3431067
1166 38 17542
106 15 771
981 1518 765715
1164 566 64746
1876 1505 1021521
987 479 102165
486 1075 554951
731 1198 1705006
1671 702 1373537
1630 1378 4431782
1536 895 776971
518 1001 783737
1580 1133 2297855
1263 1096 1506572
552 172 55261
1912 1510 209947
1137 1595 864391
387 325 156799
1529 1148 791264
473 777 654538
526 665 52024
1816 382 565472
320 761 333069
646 1175 853904
1186 126 273095
734 1190 613188
760 326 458622
660 664 167139
1310 1392 3450846
1862 264 204230
143 389 38748
966 204 254875
1494 876 2349236
2 721 1590
357 1458 382456
436 1391 932421
1223 102 155202
1557 714 1948829
1815 775 2608067
372 988 290080
505 1130 377973
103 48 9872
1681 341 610317
1524 1094 1141180
542 650 541733
1285 1037 497516
721 1460 1450897
1282 1016 1512474
58 1182 74009
226 353 141536
258 457 42734
1030 111 146581
357 592 140937
912 867 250830
635 1408 1184247
119 1444 189828
1394 564 1206295
1571 1397 1656444
12 255 6091
28 1280 29163
1832 1089 458307
1917 70 98562
1249 27 35209
1321 938 17231
486 324 169043
1804 794 469734
1007 988 1288986
1669 110 292534
1698 473 1357744
1260 101 77300
22 684 28412
1545 152 392178
1226 600 1466076
1802 320 201445
92 1557 82360
1342 160 126273
836 1519 378292
1293 1587 3954621
346 37 14358
406 96 73286
1345 70 175141
124 414 87048
1421 791 627021
648 192 234654
364 635 257042
1203 329 480351
1988 1164 445215
1759 56 48946
792 1153 32502
1097 1510 522113
702 1254 958370
494 578 169647
1685 1150 150249
579 950 851992
1792 913 210279
513 468 330847
545 407 125870
896 565 117297
1585 1308 835081
662 804 126727
1034 1457 1533808
1428 750 2064925
1386 1586 15739
487 1364 1211336
178 1107 314268
1608 1219 961507
1414 516 401577
1135 1411 2316252
63 947 111483
896 1208 951837
1686 1393 1112377
833 1572 693467
1758 558 1143244
584 996 105344
311 325 123060
950 333 441981
409 1346 153328
673 433 356876
1854 1295 3572736
1095 990 2038263
1139 1027 1327263
1391 1060 278359
1993 1217 4151576
1333 152 223911
1636 862 1086315
1397 611 401699
1129 571 823039
1024 444 560169
1033 1049 1718713
388 943 378549
102 33 5215
1561 224 606522
1839 216 767466
1378 700 1064913
312 287 167278
1170 84 5377
1913 1564 772731
1601 188 472878
1721 372 1120239
687 760 76797
1395 1213 1709240
1530 373 362125
275 963 399170
1037 340 703392
1101 203 366274
427 173 115739
315 1285 474307
1173 85 58586
27 1357 34261
1081 443 714040
1077 190 65611
1858 919 2623963
462 1193 1004906
1234 181 402921
1505 82 245860
1614 1308 3384112
607 822 210908
315 346 111736
1762 772 2056292
1628 204 305710
1358 481 623847
348 290 27505
862 752 250538
739 737 823552
1708 241 369775
1727 1406 274562
1022 1564 2383999
801 678 206633
1016 1239 1424364
1739 419 479312
1304 576 815368
1811 875 186607
435 536 166808
1804 1227 461912
954 534 6360
984 1412 2682150
674 833 42381
1984 1233 400551
792 200 100925
772 1138 960415
1707 393 680846
674 203 78100
1530 590 551432
1090 1145 89158
585 450 523143
1873 186 649646
566 59 60610
1270 1594 1228322
1356 786 740777
1881 709 2381034
823 1567 1700704
1893 192 704413
1436 521 882354
667 362 466226
676 1347 1311652
818 1219 1708969
1523 1384 1989991
1460 205 384632
1781 1113 2632733
1853 993 2319143
1062 967 274047
1416 459 509314
724 1047 206315
1421 513 749208
366 341 112022
1809 358 874848
1789 633 1495703
627 1292 316636
659 625 494340
1027 877 1167532
856 1139 1883962
202 906 195389
1388 829 1082019
646 601 94311
1065 1366 720891
1583 375 813771
70 563 8353
1093 1542 2906056
1920 1000 2163320
259 1578 301125
342 785 81127
991 187 146910
99 1574 295052
1805 1371 2015452
