1600 400
500
1507 52 72008
1386 228 309447
471 70 34499
471 156 2747
243 61 699
1513 42 78843
548 184 188407
510 73 60278
3 16 35
331 122 5508
767 28 2203
86 214 4127
540 236 214020
239 306 1115
1017 149 135011
1333 13 33180
1060 160 8443
90 270 37516
788 224 293875
1238 154 191372
286 72 3720
1336 158 246301
614 297 224232
1513 87 48844
119 255 40370
786 388 562906
1045 199 116121
1488 240 246422
1155 227 282985
437 217 351
593 54 47574
376 189 65091
1172 355 286220
955 267 222966
196 338 32625
1185 275 260170
186 119 214
499 358 303869
1032 264 273500
637 301 180484
1499 45 72939
32 20 597
1123 391 194847
62 97 6710
1439 293 797793
1471 229 343155
1042 367 178595
1211 65 115393
1172 296 581944
559 84 69516
1314 334 533088
522 366 167499
670 240 125785
773 301 331792
294 91 13090
504 362 69074
588 155 19512
694 118 75072
6 89 856
1086 247 165827
465 360 121705
1489 81 156882
883 302 23585
268 274 2753
1301 119 223887
978 174 338276
483 361 215925
707 255 202706
994 212 60124
1481 97 104838
52 114 5865
956 2 2489
1025 84 130414
933 303 506280
1445 355 347010
95 132 15324
659 167 49132
529 73 67986
916 218 181318
1391 99 52056
912 150 242375
344 305 16008
208 81 6396
1173 165 356086
812 9 12589
1274 103 61544
757 313 184248
1000 41 20894
202 108 40248
1567 298 106810
228 361 45503
555 256 126351
834 63 11599
797 388 300411
1415 351 919185
787 24 25537
1490 380 907642
1064 132 223490
1557 285 410122
572 251 126007
37 30 532
451 136 13263
721 170 109002
1423 118 253625
289 284 4623
1515 270 129935
844 112 54802
85 375 20397
470 283 185481
163 7 981
554 43 20233
505 94 43980
1063 366 313549
836 141 232207
548 29 16498
1459 344 643096
745 339 1785
762 23 2021
1359 44 63079
1391 207 90647
826 360 122232
1490 16 45237
1441 230 399114
362 218 4622
1352 365 487963
1025 175 210838
168 71 19252
974 33 12482
154 143 32685
1569 333 971509
1437 310 187282
500 199 132729
808 392 164287
1482 353 1031888
295 104 29524
289 328 37139
1378 48 66841
53 221 14813
1454 375 37915
99 343 37626
501 131 118261
463 183 75792
1191 190 365951
101 23 2515
780 318 243518
1024 158 249957
1394 336 107652
1034 388 118417
707 194 192315
1321 292 597133
172 392 83487
581 6 201
1540 349 339619
842 49 59993
896 29 7462
1453 204 500428
1041 397 535909
725 182 5802
581 88 70551
1211 161 191094
535 332 313730
1589 64 154759
778 355 528015
508 396 302756
1108 91 172192
1530 295 221819
1357 88 191767
1071 364 64132
1172 144 55716
619 106 124752
1556 240 10159
837 180 104255
524 109 22985
1358 216 47325
1393 76 30439
256 5 1214
826 161 228513
592 31 12160
140 354 42719
175 172 49536
674 128 110343
1104 164 278826
1598 287 299351
47 397 27796
43 189 3649
881 397 393147
366 22 11341
690 214 13843
1425 353 653457
655 79 50138
1190 304 52167
1516 207 36483
22 205 3281
236 203 70269
1065 197 203876
1570 277 732142
78 195 23395
699 84 100112
853 261 167814
1009 67 97174
889 57 14891
895 372 295604
969 345 535288
930 180 59530
86 45 1846
983 366 349114
676 43 25716
1591 293 681120
670 346 218796
1254 106 154902
1467 194 205546
384 241 127178
707 9 12322
386 90 61950
1067 176 374242
1192 358 660543
297 234 113665
349 176 97518
884 45 5895
831 50 19320
844 269 140122
66 252 15010
11 110 1646
700 95 112356
769 361 173475
1282 304 715992
1312 152 52081
937 100 133752
854 135 30689
1468 117 56870
139 161 2996
1404 178 474485
461 188 144266
1479 87 190568
586 56 23880
1068 89 176031
1411 153 29065
1140 289 146738
243 342 40437
991 161 45485
93 251 12271
1062 55 62190
1083 67 67423
1116 345 184224
1292 130 99511
1331 349 702643
826 112 141703
1224 51 41559
121 293 43168
705 36 15884
606 80 59975
218 341 61057
1208 175 96927
1536 91 71544
751 134 24853
1221 264 267894
132 241 13261
394 264 179351
897 337 574813
1340 241 631670
696 398 156237
702 168 227138
714 127 17380
1192 62 60666
415 365 270819
1272 385 922535
29 68 3079
1297 14 34903
967 62 75755
1329 201 29525
879 48 8093
859 349 366800
28 262 7746
1324 254 281455
1509 220 19267
1428 291 102956
362 319 116999
288 15 348
1278 181 130477
956 262 229602
475 292 252617
1591 350 619618
426 330 244819
235 53 24214
1209 313 37956
196 140 53294
271 53 28351
413 293 97619
121 322 53688
1441 78 40985
1362 152 219368
131 94 16869
48 119 6174
1378 305 801782
962 313 56111
365 60 25006
410 330 76411
1126 295 183463
1057 367 337518
272 207 77373
548 369 74836
715 99 43799
1183 98 185807
1533 275 101971
334 36 6240
1400 352 524747
206 314 42669
1016 239 358635
470 47 21521
1445 318 370899
1250 65 72267
805 331 73927
1254 266 418906
972 198 96285
643 83 32270
130 283 21192
76 40 3305
304 255 50375
778 276 121398
18 72 2195
169 121 22196
287 126 28682
504 179 34647
1569 350 612464
61 144 5135
589 225 84079
1020 301 305008
1316 156 312206
1450 86 76601
1583 55 65262
386 223 80149
5 110 118
1154 165 315328
1369 85 153847
132 146 14669
530 286 181117
1210 57 58289
329 172 30389
54 373 9982
854 308 58656
526 245 71051
1470 249 336580
139 202 11500
986 322 546972
1334 6 4677
226 87 37186
95 97 9188
1463 377 619173
539 31 19406
852 84 54717
820 161 104025
610 382 109145
509 120 38898
124 305 46220
575 391 405917
772 216 40623
853 310 152551
943 125 7478
1203 215 476308
1036 267 86273
1128 286 103546
264 47 21911
48 155 127
1186 230 531823
1397 4 11165
365 375 135321
219 380 7282
570 122 109078
1297 124 300509
406 312 243359
798 191 265820
55 55 5024
542 54 38772
1500 39 90409
714 187 63180
1119 151 209769
1339 370 917970
572 91 50135
730 139 128938
1454 144 162425
844 93 125704
871 148 60518
96 241 33459
1075 92 164170
283 5 2318
598 275 312859
488 365 271660
357 137 67404
699 66 25880
669 271 83403
597 314 320439
268 336 66686
1545 31 59128
124 257 55153
645 91 34846
152 288 64448
162 376 61725
893 284 227261
1314 135 321650
673 3 2732
79 151 13985
778 371 391036
1223 315 753552
613 390 405350
893 234 346468
730 386 553147
1242 99 192258
118 192 26982
1130 305 554564
911 130 112718
1362 208 541620
126 185 18258
377 160 60065
610 372 408774
299 64 15888
430 394 286745
896 387 314707
842 104 38242
1071 385 315001
1386 95 49320
1303 256 51011
970 333 308052
1360 261 123451
1264 70 160622
357 320 203197
436 349 10894
52 396 3208
1415 37 43713
1320 259 113647
1530 44 69021
221 98 24996
1568 268 610472
651 379 51838
741 42 18061
1554 350 286880
782 386 450004
756 37 672
1563 203 180212
378 275 190223
824 156 108074
165 377 99956
464 296 123831
696 146 193073
787 86 108810
900 391 393455
1331 372 337176
911 327 484727
1238 242 159575
401 219 56099
623 242 7641
793 358 211461
1508 374 643652
794 269 155281
458 207 69046
163 306 59228
969 389 227473
561 51 47412
1293 88 43387
227 88 34213
1436 311 427710
752 255 87932
444 114 35489
31 107 4765
163 164 1515
1132 278 28157
1291 46 75873
1421 158 178579
230 250 66306
880 77 34673
100 264 22055
314 215 52069
85 258 29782
581 240 28080
1345 2 5255
667 285 64742
1047 375 341470
615 147 33219
1433 377 407287
1090 56 61017
883 108 187496
89 21 518
1550 57 51095
371 237 20708
803 381 60625
997 247 272553
669 94 42313
1490 260 462891
1268 45 91539
1296 334 849243
904 368 658614
375 57 13456
12 6 18
706 328 143806
439 330 37578
525 127 15026
495 347 72481
1191 236 391353
1282 303 37969
100 351 51010
1278 6 4874
