1200 400
750
753 177 158439
266 144 42065
323 50 28814
364 198 114437
169 315 31630
1097 397 774303
762 112 63814
519 103 44393
115 13 2704
1039 33 44116
1042 338 299181
329 155 88644
1065 77 162563
1130 40 69450
270 160 26165
392 8 1457
746 321 387024
240 392 157319
250 106 18843
343 344 188131
74 138 10796
1134 18 35262
338 234 90346
390 163 122757
640 384 325009
756 375 176456
868 321 87713
595 160 22720
473 361 86281
1067 255 373140
894 328 507833
209 214 1962
479 151 80843
1176 140 178341
265 331 71707
313 286 6659
720 305 350203
1048 52 28906
119 76 5634
943 343 381372
815 388 34520
423 196 39093
449 226 169119
259 154 44582
632 18 13417
988 330 425142
870 201 307939
673 49 63518
138 167 27185
364 262 160203
843 228 7366
1154 250 22594
526 250 239819
1200 61 104972
814 292 64253
358 79 49494
91 148 18783
881 372 586255
570 110 112141
687 25 30902
745 67 94719
1143 21 31083
536 98 8960
106 98 2380
1030 111 118135
1170 20 35213
1192 62 54017
614 143 117740
1188 264 147697
1128 150 172569
882 47 36912
910 389 661840
292 76 17393
676 181 226786
767 10 3804
702 332 175939
266 275 73297
330 88 19039
14 27 354
510 354 265524
631 35 32772
18 97 1902
177 340 103097
433 215 9087
787 134 159463
2 387 1146
837 252 316332
485 182 129875
323 147 49419
776 208 213318
131 38 9501
332 55 24897
473 183 47506
1089 216 209683
1086 154 142080
996 107 20906
437 95 23813
952 179 65386
1106 53 39480
886 29 24100
571 159 153583
691 43 53684
107 115 20190
663 4 805
985 289 554950
288 36 16569
329 72 2615
173 175 54214
151 80 8126
274 117 50654
557 287 104441
78 178 16475
405 236 22373
514 98 49904
1191 282 211388
1172 121 201059
460 1 914
243 126 37692
156 276 68415
873 101 108709
419 210 166214
475 239 110053
173 195 9058
1185 260 206288
153 250 2569
560 174 28562
651 233 123562
716 27 423
156 182 7234
426 255 191339
13 225 4760
1038 299 486154
240 23 1384
829 7 6003
716 111 2141
37 271 19420
630 73 64830
423 388 144541
646 95 40090
743 121 33762
141 85 23732
100 322 4850
1049 113 233646
992 141 253855
1147 9 3947
1151 45 70083
480 274 142035
441 248 59799
429 93 51775
951 36 51333
126 128 6081
630 180 199250
679 380 239482
303 124 43623
333 70 9883
425 372 50859
788 51 63988
374 91 32907
748 120 162936
369 270 161703
861 347 277962
1038 176 301213
239 7 2863
401 309 130200
1007 193 153043
21 169 5252
231 108 15646
714 82 47456
196 381 107663
523 301 132392
885 362 145599
79 151 6010
1099 389 509734
51 341 23870
326 99 52664
1022 119 159321
889 349 152262
406 214 8805
366 10 4586
1196 84 95870
248 121 10567
398 199 92537
723 97 114396
207 100 20422
350 377 98621
638 199 133395
1142 239 185836
105 197 24605
302 114 38818
79 61 4722
156 308 22438
195 305 92668
1087 180 283676
1168 386 145647
1190 287 243104
462 124 101150
1052 17 13756
1143 122 111884
600 375 190993
465 53 41904
414 208 109185
835 354 501538
254 241 36169
970 208 129094
488 197 14532
1183 258 183988
476 62 1568
312 4 1833
391 203 5355
936 220 194403
741 185 126331
53 220 17716
822 73 106716
170 194 34676
1055 234 179604
227 216 55386
1074 244 16999
1137 155 10100
522 145 41205
584 232 268080
347 172 33872
669 225 277079
544 246 196620
212 368 49837
487 222 45730
510 400 306398
743 273 226565
189 210 60715
839 283 57619
395 66 34543
1018 364 504158
577 232 36894
1108 328 122388
111 139 2187
459 177 148300
241 238 24476
638 133 5988
78 321 29533
72 311 603
514 257 125969
436 74 12920
82 203 27140
351 110 55415
18 220 2865
804 278 236657
1012 70 129550
371 307 9408
802 336 55107
1043 359 725177
1117 73 134444
409 108 50251
465 189 103583
752 92 105114
118 61 1101
822 65 16403
454 228 162304
1075 198 98511
1029 199 202428
855 393 507925
543 262 282977
488 270 85276
507 334 101625
1031 237 160566
913 354 181376
117 327 51304
1151 332 441915
303 159 57816
465 387 203019
1010 393 6231
666 135 135872
442 223 39762
278 281 30583
254 111 7596
721 175 6471
1200 244 240300
944 194 153815
114 48 3413
634 112 18263
552 274 257887
414 139 19714
138 181 39032
131 10 432
361 215 29934
28 87 329
801 86 124544
1100 229 40589
882 295 19497
23 128 1132
253 279 24679
524 244 44712
881 381 237476
612 63 26429
575 24 12219
600 3 305
400 3 1942
795 302 338663
184 336 90353
420 310 102944
1119 162 357386
44 237 3433
755 269 308970
1150 32 6564
1154 206 33107
524 6 4798
828 357 162800
721 352 346846
443 135 30483
459 106 41930
554 376 213251
927 19 30940
296 325 102460
845 274 197812
1008 227 253321
1147 350 715254
440 329 169043
183 250 22214
132 244 62168
464 303 14593
1057 56 15192
612 135 112811
3 30 55
814 26 41537
905 185 71727
354 83 15701
959 122 63497
721 257 153506
786 388 374262
985 4 3388
41 260 1795
1121 23 23077
523 25 9930
697 391 313837
745 95 78190
124 400 33922
1052 111 76804
260 31 13932
518 369 87459
923 153 250572
30 146 7374
1144 18 40172
393 140 56813
822 36 23243
29 381 4381
1068 104 154873
141 307 17525
936 166 264757
739 235 75311
178 357 38566
1123 386 262983
1176 330 476368
804 274 406907
856 247 92254
450 275 216174
490 94 2649
130 235 56535
680 322 389721
1165 261 22505
465 390 77244
270 312 9049
972 288 43330
939 243 416221
197 298 83774
1139 299 284922
764 388 95690
45 118 5908
879 349 467617
631 313 162407
1018 330 659030
561 151 153942
841 323 376345
603 13 11405
237 210 8272
918 100 43050
626 15 10509
779 59 47872
1166 90 198607
1026 272 204183
747 89 114730
8 201 551
781 194 25373
993 396 428301
247 232 56406
950 302 181497
1151 127 212220
140 57 11770
797 22 14387
203 247 21471
1074 145 65043
273 153 81476
1175 133 256019
799 278 204232
436 76 59055
633 226 15480
130 176 28026
393 267 119532
1114 264 252535
1125 18 37154
207 291 92218
81 116 16950
604 90 66507
424 89 9072
639 76 78515
286 308 120172
985 389 21192
963 381 136670
644 247 10365
1051 171 16349
104 329 31841
101 9 1260
203 165 17802
1189 140 331422
804 379 251025
142 216 24852
858 400 302905
501 114 64861
410 310 199883
183 160 44325
725 263 198085
357 315 182606
409 117 70228
150 57 13401
1083 60 112679
539 154 86214
1054 211 52446
710 311 233571
1099 272 243180
933 54 38051
490 378 319993
1174 287 620872
1019 247 94054
132 348 30649
633 230 284124
1111 368 714381
157 173 41015
1154 35 17181
264 333 83781
36 17 26
814 106 29796
159 80 15234
1066 250 458760
841 334 376283
673 166 211948
517 28 26663
865 184 227667
1024 89 137973
644 305 5417
136 340 64754
882 305 240719
709 63 12130
822 328 412836
1133 321 607321
239 145 8080
1126 213 103781
380 278 105353
958 101 101985
1171 344 800145
67 32 1060
980 113 23485
1151 373 795309
552 394 346123
203 326 11679
939 116 66667
288 41 6096
417 372 27285
281 129 4715
185 51 11370
394 118 56247
93 249 17443
97 151 10977
916 303 356948
14 105 869
632 244 233540
546 83 12444
273 51 8013
677 283 69448
381 68 30498
733 61 65081
315 105 64268
10 202 3798
28 269 604
1192 282 128765
1032 65 53280
988 210 130754
487 83 13291
406 359 169531
5 292 1994
454 176 12798
973 90 82963
492 51 38872
1009 79 67990
181 22 809
257 253 45305
128 392 7286
81 79 6926
885 36 60575
1124 40 47586
629 45 52613
147 169 29602
969 260 261533
792 21 18859
387 201 118162
1111 57 97800
203 136 8900
1104 216 314578
488 253 8405
582 128 123692
919 356 236080
1031 102 94373
384 270 190404
1036 213 426536
470 199 73604
725 61 66062
785 263 321187
788 119 158007
21 206 2887
937 339 275342
996 9 14741
651 191 66139
523 174 136964
607 362 324733
1062 31 30775
166 308 2320
429 292 35614
428 231 166572
594 251 239785
612 339 51835
1109 86 88527
313 336 128241
67 59 4803
1195 217 66604
535 78 65326
377 195 58203
1128 176 298252
446 155 3038
281 348 187484
274 111 14198
1004 371 424371
143 283 51333
271 302 139065
573 296 81925
388 382 55666
186 358 19485
690 238 297628
638 235 11274
815 67 94951
395 340 255783
312 144 53513
1067 286 240127
557 156 83712
505 281 116373
173 268 24900
1118 5 4914
610 295 95711
629 132 114009
402 146 105067
874 140 7863
256 4 1910
8 270 3203
795 378 533170
1130 82 164110
865 254 8910
180 123 1254
653 285 97298
515 65 21369
211 19 837
726 92 9628
780 300 269711
177 307 69400
611 253 213667
800 135 215942
470 199 69087
711 378 113102
1004 183 121498
1192 297 161754
1062 60 19628
1078 385 334700
786 316 390099
496 92 37269
780 302 178050
640 301 99496
582 322 246638
1128 232 51799
149 388 94373
654 379 187670
24 192 6289
211 70 14809
42 7 80
972 54 5495
609 33 31016
450 273 48940
425 6 4862
550 285 299645
652 34 10956
537 287 305854
1070 262 473574
62 73 8299
142 114 5849
185 238 2614
1071 46 93587
1010 47 94003
449 23 13662
562 172 75064
507 23 1819
790 111 42596
1052 380 764957
305 393 145009
331 134 77479
11 270 5064
896 92 94193
1014 301 395207
508 350 149061
455 63 51122
639 121 125824
7 111 1113
62 362 30664
1179 218 360257
319 148 87590
1125 110 15596
968 205 382407
808 371 218692
246 78 305
906 85 108711
937 275 74424
495 281 216644
611 295 23367
658 225 230564
1050 143 243563
376 20 2584
371 187 124158
57 147 8182
796 392 300020
284 98 18280
987 234 103642
1010 328 375522
295 90 40668
741 300 396192
604 149 11191
918 124 6618
141 94 23012
720 103 127638
422 98 48550
953 334 184039
368 120 47544
9 281 1018
1082 175 338533
50 115 10732
841 270 272253
527 387 76478
584 79 34194
76 398 40568
865 371 24443
446 123 91994
924 42 71181
1188 50 24789
531 284 73019
1115 333 81949
1199 325 520398
631 4 4876
986 187 19970
939 214 198500
194 231 51854
747 276 379005
1184 352 588230
93 291 4154
881 21 21429
596 335 235039
824 285 53043
474 115 40978
461 253 182569
927 391 563076
542 137 5724
927 83 49394
987 18 26739
1089 110 222981
392 191 128261
826 338 308675
1096 313 208352
490 386 74498
1088 399 849950
224 77 19509
725 218 24389
1057 344 134191
816 83 73008
926 371 9750
526 314 27132
498 339 141245
404 186 17541
947 275 167079
5 114 369
466 337 88117
518 214 94042
706 70 21737
928 85 8211
320 210 32821
669 335 199284
312 32 15696
340 387 1561
232 86 16348
462 90 2869
290 155 70538
994 225 434151
1067 82 102516
1084 162 246876
334 81 47541
1107 301 652357
192 212 57514
1168 103 235788
328 334 121553
915 396 478378
64 237 1525
1101 31 3313
303 297 163846
422 132 17991
929 18 17415
845 324 228411
695 67 21274
480 34 18876
251 314 85962
460 28 21909
757 91 4597
761 343 395013
989 245 169804
99 218 5251
921 298 459576
672 342 332559
1074 188 331970
40 267 4611
307 70 5104
60 129 832
608 85 2594
545 46 26029
511 186 94465
374 236 108343
721 357 219210
684 180 163014
523 5 4241
428 44 16076
1070 351 699069
874 10 15529
257 170 9633
482 314 298210
250 24 7948
215 350 145883
1149 222 14883
732 105 94198
305 179 53993
66 158 13694
845 28 41980
845 101 119900
173 309 83463
