1200 1200
750
307 52 25000
986 1028 241239
71 470 31019
871 156 201179
643 861 680355
713 842 344555
948 984 454455
910 73 109918
3 416 2051
331 122 5508
767 428 180147
886 214 205287
540 636 54180
239 306 1115
217 949 352477
933 813 1007370
1060 560 856443
90 270 37516
788 624 798195
438 954 300436
286 872 269128
536 558 368893
614 1097 405976
313 487 77554
519 1055 492380
386 788 427162
245 999 249011
1088 240 184982
1155 1027 1662055
437 617 430359
193 54 1458
376 589 430563
772 355 388460
955 667 624066
596 338 65073
1185 1075 2096920
186 119 214
99 358 21765
632 664 358364
237 1101 72762
299 445 242189
32 820 15957
323 391 235511
862 497 173574
1039 1093 225769
1071 229 273539
1042 767 1116395
811 865 234763
1172 296 581944
159 884 109764
114 334 44112
122 366 6459
1070 1040 1197785
1173 701 288124
1094 891 1242214
504 762 302930
988 955 450712
1094 918 335632
6 889 5428
286 1047 479387
465 1160 196105
1089 81 160122
483 302 44725
268 274 2753
901 519 712637
578 174 107900
483 1161 154101
307 1055 4436
994 212 60124
281 497 107612
452 114 43257
956 2 2489
625 484 504214
133 1103 32414
1045 1155 952410
95 532 55604
259 167 52806
529 473 217164
516 618 572710
191 899 220986
912 150 242375
744 1105 1152328
1008 881 959964
373 165 67996
12 9 205
874 103 131172
357 713 490504
1000 41 20894
1002 908 410616
367 1098 219458
228 1161 436295
555 1056 374991
34 863 27511
1197 388 746611
215 751 241115
387 424 232705
1090 780 520842
264 932 174914
757 1085 294352
172 251 61751
837 830 844552
451 536 164799
321 570 262302
223 918 359101
289 284 4623
715 670 453535
44 912 7058
85 1175 58647
870 1083 59521
163 407 95195
554 43 20233
905 494 92980
263 1166 372053
836 541 661911
948 829 470738
259 344 39720
345 739 13305
362 823 70257
959 844 825855
591 1007 253925
826 360 122232
690 416 481397
241 1030 274554
362 1018 123358
552 765 405563
1025 175 210838
968 871 1323700
974 33 12482
954 143 250617
1169 733 446173
237 710 315982
900 199 252129
8 792 4927
282 1153 111212
1095 504 308564
689 328 191955
978 448 518233
453 221 178353
254 1175 468815
899 1143 535416
501 531 445915
463 583 99868
1191 590 604151
901 23 40143
780 1118 1382318
224 958 232037
194 736 129924
1034 1188 1789361
707 594 113131
521 292 163805
572 792 9951
981 406 582405
740 749 498939
442 449 185397
96 29 3750
253 604 211284
241 797 152821
325 982 232002
981 488 108567
411 161 77428
135 732 48610
389 864 412871
378 755 148455
108 1196 7844
708 91 80464
730 695 413219
157 88 25623
671 764 442420
1172 544 543268
219 106 32744
756 240 192559
37 980 2575
924 509 118281
158 616 100413
193 476 162319
256 5 1214
426 161 92629
192 831 179168
940 1154 905999
975 172 307536
674 928 24071
1104 964 102186
1198 687 532499
847 1197 1078272
843 189 60349
81 797 53435
366 22 11341
1090 214 399043
1025 1153 1037607
655 79 50138
390 1104 423367
716 1007 304483
822 1005 566841
236 1003 232165
265 997 190426
770 1077 246822
78 595 84235
1099 484 415392
53 661 59780
1009 467 311082
89 857 126239
95 372 35204
569 345 357958
530 580 22330
486 845 691606
983 766 616490
1076 843 502916
1191 1093 735208
670 1146 374236
454 106 39150
667 194 210590
784 641 570282
707 9 12322
786 890 1219710
667 176 50402
1192 1158 765439
1097 1034 2207801
749 176 92238
884 845 50095
831 450 19320
44 269 2394
466 1052 491202
411 910 137746
700 495 637356
369 1161 248705
882 304 514136
112 552 93553
537 100 3752
854 135 30689
268 117 52190
139 161 2996
204 978 210821
61 188 17554
279 887 464888
186 56 13352
268 89 38615
1011 553 978625
740 1089 1167098
643 742 578677
191 161 50315
893 651 68629
662 855 272970
283 67 12215
316 345 112464
492 530 285911
131 1149 255687
426 112 46279
424 851 17815
521 293 228344
1105 836 284084
606 880 738695
618 341 292937
408 975 396527
736 91 24952
751 934 583597
821 1064 1048438
132 641 47845
1194 1064 142679
97 737 35173
940 641 484430
1096 398 398221
702 168 227138
314 927 5908
1192 462 256154
15 365 719
72 1185 108935
429 468 143463
897 814 1134651
167 62 10283
929 1001 735395
479 48 43229
59 749 63940
828 1062 1139634
524 1054 666303
309 220 82627
1028 291 72692
762 719 110579
288 415 158748
878 581 937857
156 662 154482
75 292 33617
391 350 174418
26 330 9859
235 853 89074
409 313 145628
596 140 123854
271 53 28351
413 693 368547
521 722 330976
1041 878 701261
162 952 243272
531 494 287281
448 519 240030
578 1105 1021482
562 313 285227
765 60 59806
410 330 76411
1126 1095 1759863
1057 767 1466394
1072 607 589373
548 769 355412
315 99 32909
783 898 636811
733 275 178421
334 836 185264
600 752 358347
1006 314 607869
616 239 22123
70 447 40481
245 318 24279
450 865 634767
405 331 209637
854 266 322082
972 998 1282125
643 483 553100
130 1083 156392
876 40 49065
1104 655 1270535
378 1076 717798
418 472 106099
569 921 593260
287 126 28682
104 979 158983
1169 750 675464
461 544 269647
589 1025 702529
620 701 398448
116 956 129774
1050 486 1017001
383 55 24342
386 623 465377
405 910 155718
754 165 241408
169 485 145567
932 946 104957
130 686 136917
410 457 155649
729 572 736877
854 773 262658
854 308 58656
126 1045 45571
670 249 217060
139 1002 238348
586 322 62684
934 406 706013
626 887 298478
495 97 25678
1063 1177 1820835
539 831 375146
852 484 88797
20 961 32425
1010 782 1390425
509 920 853298
524 305 290220
175 391 132217
772 1016 917615
853 310 152551
543 525 243878
803 215 324088
636 1067 62513
1128 1086 1894810
264 47 21911
848 555 467647
386 230 152783
597 404 254613
365 1175 135321
1019 1180 2125922
570 522 576478
97 124 18037
806 1112 874847
798 191 265820
55 455 2824
942 454 284052
700 839 646409
1114 587 731228
719 951 857583
139 770 11830
572 491 188559
330 939 129178
654 544 294713
844 493 142584
71 548 38894
896 641 689139
1075 492 198570
283 405 104198
598 275 312859
888 765 1031740
1157 137 187964
1099 466 872136
669 271 83403
997 1114 866923
668 336 109694
1145 31 61608
524 257 174401
245 891 274876
552 288 41408
962 1176 144573
93 284 3469
914 535 362350
273 3 374
879 151 135087
778 1171 100064
23 1115 21212
613 790 895750
493 1034 259236
1130 386 537707
842 499 431962
118 592 38310
730 305 97064
111 930 23298
962 608 100660
526 185 38978
777 560 278145
210 1172 30534
1099 464 941904
830 394 460105
496 387 302323
842 504 401986
271 385 70911
586 495 451260
903 256 53059
170 1133 162732
960 1061 1534171
464 70 41902
757 320 185277
36 1149 18758
52 796 56456
215 437 52503
120 1059 83167
330 444 53181
621 498 315448
1168 668 760488
1051 779 1360350
1141 42 91477
354 1150 347480
382 1186 489364
1156 37 27016
763 603 896690
378 1075 284723
24 556 23978
165 1177 254396
64 296 19639
1096 146 41233
787 86 108810
900 791 622055
131 1172 60616
511 1127 360147
838 1042 1528775
401 219 56099
1023 242 443241
393 758 297313
1108 1174 1907636
794 1069 355369
58 1007 32598
563 706 142340
169 1189 212621
961 851 554242
93 488 76747
1027 888 1572405
636 711 463958
1152 255 242972
444 514 195329
31 107 4765
963 164 306883
1132 1078 1934445
891 46 57013
621 158 123911
630 250 51306
480 77 34673
900 1064 1255655
714 1015 528889
85 258 29782
981 640 1069680
545 402 408935
267 685 84752
1047 375 341470
615 147 33219
1033 777 568099
1090 56 61017
483 108 52928
89 821 25082
1150 57 119495
1171 1037 2330282
803 381 60625
597 647 117449
269 494 34369
690 260 228891
68 445 4339
896 334 218651
104 1168 100790
375 57 13456
812 6 1458
306 328 147742
439 1130 423898
125 527 51926
495 1147 853591
391 636 410433
82 703 59317
900 751 454210
78 6 842
211 381 89014
316 344 159575
829 650 113318
826 1088 62536
355 13 2288
883 859 995000
703 50 39311
1135 483 506905
811 534 708811
821 612 16469
1150 822 1364705
335 290 158448
725 1118 691297
594 1096 509913
393 250 91249
222 1132 117535
1197 987 1390454
407 921 292418
1024 884 1170280
838 856 1338923
162 805 203188
1066 1139 612437
1114 1015 170779
610 408 243894
346 1153 664403
94 174 7995
1053 523 601901
860 929 401077
1150 1104 1385392
773 1094 812459
159 55 12991
366 1121 395397
15 1034 27195
1133 443 461621
98 789 128659
512 34 26520
362 1086 603298
1198 746 720707
907 1047 1195860
298 619 154367
897 777 411170
747 294 221394
40 660 38951
346 592 282145
1060 1041 1488933
526 705 674459
518 1066 703156
1031 1064 143357
425 1122 838899
923 219 301551
465 1115 892395
910 1014 915331
427 205 55260
977 550 942394
1122 410 790174
854 935 1158398
972 604 626024
128 435 97231
380 11 5672
479 85 1452
347 550 346677
144 259 56666
234 1038 448982
983 814 1519211
628 735 137476
962 389 397623
1151 512 661974
6 639 1828
628 171 39915
819 649 129795
381 995 625866
209 1138 460895
202 523 14472
47 658 35845
793 85 16784
1101 198 270016
1143 501 663551
588 506 422346
820 286 451076
214 1104 460092
540 636 192542
568 844 838160
6 197 514
129 595 10441
217 540 33048
1040 440 724485
203 382 61137
230 121 38203
47 92 2240
34 305 2663
669 1197 201641
250 564 26166
121 569 14377
515 1049 74267
717 65 15646
156 257 14903
993 811 1512450
1129 192 284357
571 238 179940
650 271 248837
985 939 28693
755 341 355268
520 461 377288
482 127 40432
191 1196 283888
86 151 25272
773 1143 461685
640 1072 429562
980 794 1516712
564 596 631366
452 380 198833
336 286 122949
783 805 765425
950 439 327372
117 629 25861
548 1066 197217
36 638 44648
1038 430 233783
679 561 607140
62 1124 52387
564 727 601878
308 1062 225099
392 644 41440
936 745 932934
759 861 817766
577 209 143353
546 596 360401
809 785 899140
591 263 77138
318 677 412358
641 40 26472
142 699 4610
281 1090 464809
376 1177 754266
909 1088 1277654
374 464 293142
904 161 206777
872 969 783577
773 711 371992
883 1029 1645064
68 469 18515
1179 962 235157
104 394 326
873 769 1169550
690 477 16261
1015 2 2717
1053 906 176445
485 929 869758
1054 502 819148
685 184 134448
144 603 89796
842 933 1274934
190 1037 98595
627 1061 1043590
192 550 178012
845 716 714614
761 920 640951
1189 557 127661
538 410 294612
950 246 216987
837 389 211235
697 382 31126
670 571 532362
1036 349 580930
971 540 26863
183 184 38658
948 96 10458
570 437 457678
1120 126 118239
972 1075 657524
158 1064 331208
1147 912 1622917
172 381 97175
233 216 9083
506 1187 1195238
480 521 23070
1169 620 1177805
1082 1189 1802941
1199 1108 1465487
877 879 1262281
1152 189 68696
967 135 117847
1163 658 1422055
729 890 744175
995 195 349833
601 674 680577
390 994 494304
626 876 862756
99 26 4615
49 55 3482
721 6 6322
409 125 28876
655 87 58423
434 816 163842
780 610 694868
264 362 78901
268 751 209958
891 529 555215
654 979 676855
676 1027 1274521
377 547 82686
618 107 89934
145 762 15285
1177 347 480020
202 278 55361
269 541 63099
513 808 243697
551 498 194053
967 303 97199
1057 978 1936961
353 507 182704
359 276 189794
136 421 75435
1200 749 1200405
1031 951 857318
976 371 391382
930 36 51101
786 586 808886
323 704 165212
837 913 1499084
330 65 30020
721 775 993147
18 911 14795
77 910 87408
833 1093 1657974
667 868 855964
1040 949 952407
1021 886 896172
1002 8 15264
934 1197 1402716
147 678 11408
1066 198 159
564 215 116701
131 291 10160
1150 276 554886
719 942 634633
162 1133 168577
489 105 25139
552 1107 328522
119 1192 121910
950 138 238923
646 355 322280
1116 918 1318583
448 200 106329
689 501 7726
327 371 123271
831 533 385362
1084 1021 206238
174 724 164240
471 843 335501
