800 400
250
353 177 43035
666 144 51281
323 50 28814
364 198 114437
169 315 31630
297 397 171657
362 112 36486
519 103 44393
115 13 2704
239 33 3592
642 338 115309
329 155 88644
665 77 50913
730 40 11050
270 160 26165
792 8 1457
746 321 387024
240 392 157319
250 106 18843
343 344 188131
474 138 28460
334 18 11502
738 234 34186
790 163 223817
640 384 325009
756 375 176456
68 321 41489
595 160 22720
473 361 86281
667 255 246660
494 328 291353
209 214 1962
479 151 80843
376 140 70821
265 331 71707
313 286 6659
720 305 350203
248 52 14762
119 76 5634
543 343 82962
415 388 7360
23 196 3813
49 226 9563
259 154 44582
232 18 5641
588 330 63462
70 201 6439
673 49 63518
138 167 27185
764 262 229371
43 228 16942
754 250 135594
126 250 2819
400 61 7372
414 292 131997
358 79 49494
91 148 18783
481 372 264103
170 110 32941
687 25 30902
745 67 94719
743 21 1095
536 98 8960
506 98 63924
230 111 40435
770 20 9613
392 62 29217
614 143 117740
788 264 384241
328 150 47769
482 47 12096
510 389 288400
692 76 38673
276 181 84882
767 10 3804
702 332 175939
666 275 111797
730 88 128159
414 27 22278
110 354 38964
231 35 15622
18 97 1902
577 340 16057
433 215 9087
787 134 159463
2 387 1146
37 252 16452
85 182 17035
723 147 128211
776 208 213318
131 38 9501
332 55 24897
73 183 17494
689 216 40339
286 154 33664
596 107 104794
437 95 23813
552 179 73978
306 53 22732
486 29 6352
171 159 53413
291 43 3288
107 115 20190
663 4 805
185 289 54980
688 36 32697
729 72 15143
173 175 54214
551 80 87006
674 117 10406
557 287 104441
78 178 16475
405 236 22373
514 98 49904
391 282 186008
372 121 80059
460 1 914
243 126 37692
156 276 68415
473 101 9527
19 210 6194
75 239 2503
173 195 9058
385 260 167288
153 250 2569
560 174 28562
251 233 38284
716 27 423
556 182 59650
426 255 191339
13 225 4760
638 299 306754
640 23 1384
29 7 263
716 111 2141
37 271 19420
630 73 64830
23 388 3309
246 95 29450
343 121 32310
541 85 67932
500 322 133650
649 113 91492
592 141 41791
747 9 7943
351 45 23373
480 274 142035
441 248 59799
29 93 3415
551 36 15045
526 128 39873
230 180 4850
279 380 154362
303 124 43623
333 70 9883
425 372 50859
788 51 63988
774 91 70763
748 120 162936
369 270 161703
61 347 10078
638 176 189981
239 7 2863
401 309 130200
607 193 124865
421 169 4576
231 108 15646
314 82 31712
596 381 125951
523 301 132392
85 362 4419
79 151 6010
299 389 148742
51 341 23870
726 99 37616
222 119 23185
489 349 130624
406 214 8805
766 10 1586
796 84 122750
248 121 10567
798 199 48757
723 97 114396
207 100 20422
350 377 98621
238 199 88023
742 239 57732
505 197 87645
302 114 38818
79 61 4722
556 308 172742
195 305 92668
687 180 57236
768 386 195055
390 287 19244
62 124 9886
652 17 1108
343 122 40636
600 375 190993
65 53 1094
414 208 109185
35 354 23638
254 241 36169
570 208 33414
488 197 14532
383 258 103492
476 62 1568
712 4 1897
791 203 130809
136 220 53603
341 185 14221
53 220 17716
422 73 33716
570 194 15276
255 234 32184
627 216 95562
674 244 244407
337 155 80780
122 145 10465
584 232 268080
747 172 63456
269 225 111929
144 246 23436
612 368 311853
487 222 45730
510 400 306398
743 273 226565
589 210 92215
39 283 4981
395 66 34543
218 364 26590
177 232 3486
308 328 35796
511 139 73911
459 177 148300
641 238 247720
638 133 5988
478 321 252949
72 311 603
114 257 41673
36 74 3448
82 203 27140
751 110 45515
418 220 82065
4 278 913
212 70 13070
771 307 278954
402 336 51075
243 359 112005
317 73 32390
