400 400
500
353 177 43035
266 144 42065
323 50 28814
364 198 114437
169 315 31630
297 397 171657
362 112 36486
119 103 2781
115 13 2704
239 33 3592
242 338 16613
329 155 88644
265 77 19343
330 40 18250
270 160 26165
392 8 1457
346 321 55752
240 392 157319
250 106 18843
343 344 188131
74 138 10796
334 18 11502
338 234 90346
390 163 122757
240 384 140689
356 375 167456
68 321 41489
195 160 51520
73 361 21301
267 255 13590
94 328 2713
209 214 1962
79 151 2625
376 140 70821
265 331 71707
313 286 6659
320 305 106203
248 52 14762
119 76 5634
143 343 7502
15 388 11240
23 196 3813
49 226 9563
259 154 44582
232 18 5641
188 330 87222
70 201 6439
273 49 7952
138 167 27185
364 262 160203
43 228 16942
354 250 69594
126 250 2819
400 61 7372
14 292 7021
358 79 49494
91 148 18783
81 372 49831
170 110 32941
287 25 5952
345 67 21689
343 21 5253
136 98 13664
106 98 2380
230 111 40435
370 20 14013
392 62 29217
214 143 15924
388 264 194161
328 150 47769
82 47 2696
110 389 62780
292 76 17393
276 181 84882
367 10 4544
302 332 37827
266 275 73297
330 88 19039
14 27 354
110 354 38964
231 35 15622
18 97 1902
177 340 103097
33 215 3927
387 134 4827
2 387 1146
37 252 16452
85 182 17035
323 147 49419
376 208 6982
131 38 9501
332 55 24897
73 183 17494
289 216 90451
286 154 33664
196 107 19194
37 95 6713
152 179 48202
306 53 22732
86 29 3568
171 159 53413
291 43 3288
107 115 20190
263 4 861
185 289 54980
288 36 16569
329 72 2615
173 175 54214
151 80 8126
274 117 50654
157 287 55651
78 178 16475
5 236 1133
114 98 8744
391 282 186008
372 121 80059
60 1 74
243 126 37692
156 276 68415
73 101 14375
19 210 6194
75 239 2503
173 195 9058
385 260 167288
153 250 2569
160 174 28562
251 233 38284
316 27 13599
156 182 7234
26 255 2639
13 225 4760
238 299 16126
240 23 1384
29 7 263
316 111 41213
37 271 19420
230 73 6430
23 388 3309
246 95 29450
343 121 32310
141 85 23732
100 322 4850
249 113 14878
192 141 28255
347 9 6143
351 45 23373
80 274 10515
41 248 2759
29 93 3415
151 36 7485
126 128 6081
230 180 4850
279 380 154362
303 124 43623
333 70 9883
25 372 13659
388 51 1156
374 91 32907
348 120 15096
369 270 161703
61 347 10078
238 176 66781
239 7 2863
1 309 420
207 193 23733
21 169 5252
231 108 15646
314 82 31712
196 381 107663
123 301 33062
85 362 4419
79 151 6010
299 389 148742
51 341 23870
326 99 52664
222 119 23185
89 349 40582
6 214 1957
366 10 4586
396 84 8510
248 121 10567
398 199 92537
323 97 54838
207 100 20422
350 377 98621
238 199 88023
342 239 104576
105 197 24605
302 114 38818
79 61 4722
156 308 22438
195 305 92668
287 180 54356
368 386 34479
390 287 19244
62 124 9886
252 17 6684
343 122 40636
200 375 40993
65 53 1094
14 208 193
35 354 23638
254 241 36169
170 208 62534
88 197 5076
383 258 103492
76 62 5536
312 4 1833
391 203 5355
136 220 53603
341 185 14221
53 220 17716
22 73 428
170 194 34676
255 234 32184
227 216 55386
274 244 120455
337 155 80780
122 145 10465
184 232 816
347 172 33872
269 225 111929
144 246 23436
212 368 49837
87 222 12874
110 400 10398
343 273 69317
189 210 60715
39 283 4981
395 66 34543
218 364 26590
177 232 3486
308 328 35796
111 139 2187
59 177 15904
241 238 24476
238 133 24076
78 321 29533
72 311 603
114 257 41673
36 74 3448
82 203 27140
351 110 55415
18 220 2865
4 278 913
212 70 13070
371 307 9408
2 336 3
243 359 112005
317 73 32390
9 108 1867
65 189 16643
352 92 25626
118 61 1101
22 65 2363
54 228 7264
275 198 39111
229 199 70690
55 393 36325
143 262 2113
88 270 3196
107 334 35493
231 237 69558
113 354 73760
117 327 51304
351 332 110579
303 159 57816
65 387 48219
210 393 45531
266 135 26252
42 223 15678
278 281 30583
254 111 7596
321 175 21871
400 244 45100
144 194 42071
114 48 3413
234 112 16919
152 274 16767
14 139 810
138 181 39032
131 10 432
361 215 29934
28 87 329
1 86 16
300 229 86389
82 295 5337
23 128 1132
253 279 24679
124 244 56424
81 381 54596
212 63 725
175 24 219
200 3 305
400 3 1942
395 302 166523
184 336 90353
20 310 3744
319 162 57362
44 237 3433
355 269 99150
350 32 16164
354 206 73483
124 6 574
28 357 5720
321 352 85662
43 135 6723
59 106 6738
154 376 16227
127 19 3542
296 325 102460
45 274 19712
208 227 93513
347 350 170654
40 329 11123
183 250 22214
132 244 62168
64 303 24289
257 56 4552
212 135 50171
3 30 55
14 26 249
105 185 34727
354 83 15701
159 122 3717
321 257 70752
386 388 102662
185 4 1108
41 260 1795
321 23 2147
123 25 1930
297 391 25279
345 95 45890
124 400 33922
252 111 22636
260 31 13932
118 369 57939
123 153 31782
30 146 7374
344 18 5900
393 140 56813
22 36 59
29 381 4381
268 104 50041
141 307 17525
136 166 44309
339 235 131241
178 357 38566
323 386 86195
376 330 133168
4 274 1387
56 247 17166
50 275 23674
90 94 2649
130 235 56535
280 322 106361
365 261 166055
65 390 38244
270 312 9049
172 288 17986
139 243 60955
197 298 83774
339 299 9842
364 388 27402
45 118 5908
79 349 29971
231 313 15297
218 330 136310
161 151 21968
41 323 8771
203 13 3943
237 210 8272
118 100 5850
226 15 5289
379 59 24272
366 90 56407
226 272 96471
347 89 35520
8 201 551
381 194 6749
193 396 55269
247 232 56406
150 302 60697
351 127 13592
140 57 11770
397 22 8887
203 247 21471
274 145 9943
273 153 81476
375 133 9969
399 278 59672
36 76 79
233 226 57968
130 176 28026
393 267 119532
314 264 123703
325 18 2954
207 291 92218
81 116 16950
204 90 24027
24 89 1952
239 76 2515
286 308 120172
185 389 28972
163 381 77234
244 247 111141
251 171 62861
104 329 31841
101 9 1260
203 165 17802
389 140 34342
4 379 2401
142 216 24852
58 400 21305
101 114 1477
10 310 1483
183 160 44325
325 263 132335
357 315 182606
9 117 1432
150 57 13401
283 60 19319
139 154 40938
254 211 33878
310 311 109171
299 272 17964
133 54 3383
90 378 62953
374 287 108864
219 247 48112
132 348 30649
233 230 3984
311 368 108653
157 173 41015
354 35 18161
264 333 83781
36 17 26
14 106 2236
159 80 15234
266 250 4760
41 334 8883
273 166 23372
117 28 3983
65 184 8707
224 89 24053
244 305 59097
136 340 64754
82 305 2819
309 63 35062
22 328 6116
333 321 21817
239 145 8080
326 213 114857
380 278 105353
158 101 30073
371 344 240113
67 32 1060
180 113 32525
351 373 173891
152 394 24619
203 326 11679
139 116 25603
288 41 6096
17 372 10173
281 129 4715
185 51 11370
394 118 56247
93 249 17443
97 151 10977
116 303 32132
14 105 869
232 244 7108
146 83 7796
273 51 8013
277 283 7188
381 68 30498
333 61 6521
315 105 64268
10 202 3798
28 269 604
392 282 15965
232 65 3360
188 210 61874
87 83 13789
6 359 1519
5 292 1994
54 176 4350
173 90 17623
92 51 9088
209 79 31966
181 22 809
257 253 45305
128 392 7286
81 79 6926
85 36 4775
324 40 11746
229 45 17603
147 169 29602
169 260 18173
392 21 13147
