2000 2000
250
1107 452 884240
1386 1828 2482695
1271 70 87559
71 156 13043
1043 861 540873
713 1242 923511
1348 184 437175
510 1273 69458
3 1616 5603
331 922 257068
1567 28 63411
486 1414 163639
1340 1036 1142820
1039 1106 735687
1817 149 419899
533 1213 1205728
1460 560 1170043
890 1070 1302116
1588 1424 1243379
438 1754 1423468
1086 1672 1155816
536 158 79453
1814 1497 534216
1513 887 2206382
1719 1055 296150
786 1588 217066
1445 1399 2276591
288 640 154262
755 227 74145
837 1017 1271165
193 454 130382
1576 989 2862131
372 1155 240900
555 667 203856
196 738 11457
1985 1875 4562170
986 1319 2238842
899 1958 3059789
232 1064 263388
637 1901 1041708
1499 445 342759
32 20 597
723 391 46267
1262 1297 1567502
1039 1493 477207
1871 1829 1680009
642 1167 150979
811 65 40123
1972 296 30200
1359 1284 300900
114 1134 216936
1322 1166 151675
1870 240 197785
1573 1501 360972
294 891 290626
104 762 95666
1788 1755 3827592
1494 918 2535160
806 889 695292
1886 247 559051
865 360 107305
289 1681 924008
83 1902 311065
268 1474 314705
101 119 405
1778 574 1960012
1283 361 157443
307 1855 231616
1394 1012 1097708
1481 897 1630268
852 114 121689
1356 402 365817
1025 484 794614
933 1103 1278804
1045 1555 1683910
1695 1332 1282764
1459 967 1450304
1329 1273 2750284
116 1018 144598
1791 499 600678
1712 1350 2171975
344 705 415048
1008 81 24540
1573 1365 3001036
1612 409 615741
474 103 13340
1557 1913 3232966
1000 1241 650894
1002 1708 1933656
367 1498 640774
628 1561 1789935
1355 256 318351
834 1263 1307635
797 1188 1875283
215 1151 197255
1187 1624 67537
1490 1180 967242
1464 532 683138
357 1885 637282
972 251 433231
437 1230 20512
1251 936 995167
1121 1770 560982
1423 918 1528633
1089 1484 961975
1515 670 1887335
44 512 1426
485 1975 115647
870 683 790321
963 7 6693
554 443 459001
1705 1694 2567540
1463 1166 78221
836 941 1499583
1748 29 75890
1459 1544 876536
1145 1939 1900795
362 423 258497
1759 1644 4407583
1391 607 1581799
1626 1160 1517112
1090 1216 2364277
1841 1030 2299534
362 218 4622
152 1965 338123
1425 1775 3664588
1368 1271 2139316
174 1633 498458
954 1743 2477253
769 1133 1600329
237 1110 225922
500 199 132729
808 392 164287
282 753 226832
695 904 492244
1489 328 823683
178 48 14425
453 221 178353
1854 1175 4125415
899 1943 1173706
901 531 509635
63 1383 14274
791 190 264491
901 823 733913
1580 1518 316238
224 1358 447077
994 1536 2556420
1034 1988 3245233
707 194 192315
121 1092 199605
1372 1992 3921951
1381 406 49733
1940 1549 766339
1242 449 787057
1296 29 20454
253 604 211284
241 1597 589031
1925 982 2245102
181 1688 391079
1611 161 105442
1335 1532 1373050
1589 1264 2086983
1578 1555 1363335
108 796 40676
1108 91 172192
330 695 246419
557 1288 1330359
671 1564 1634116
772 1744 2521636
1419 1706 255356
1156 1040 629679
1237 980 1795975
1724 909 2674281
1758 1016 3339069
593 476 323207
1456 805 2343134
1626 1361 2633941
1392 31 11168
140 1154 305919
575 572 481736
1874 1728 3798791
704 964 811690
798 687 614939
447 797 435942
1243 1389 952171
481 1197 700877
766 822 275341
690 214 13843
1825 353 1006457
1055 1279 2223318
1990 1504 5488647
316 207 5019
1622 1005 313581
1836 1803 830429
1065 1397 847136
770 1877 684182
1278 995 472315
1499 1684 3321752
453 1861 352578
209 1267 429122
889 1257 590963
1295 1572 3180764
1369 1545 957088
130 1380 18730
1686 445 530746
983 1566 997894
1476 843 563612
791 693 653782
670 1146 374236
1254 1706 2296734
1467 594 1379146
1184 241 111754
1107 1609 2263942
386 90 61950
1467 1776 2894242
1592 758 1738623
297 234 113665
349 1376 812270
84 45 6615
31 1650 61920
1244 1469 2520290
66 652 47746
811 110 36406
1100 495 835356
769 1961 3015699
882 1904 1784216
912 552 22897
137 900 241352
54 1335 12329
1468 1717 623518
939 961 1055592
1004 1378 979093
1661 188 170586
279 1287 534080
986 56 69576
1468 1289 998655
1411 553 1044985
1940 689 264058
1843 742 657329
1791 561 738491
93 1851 272485
1862 855 1377630
283 867 481429
1516 1145 1630024
892 130 147351
931 1949 1409167
1226 1712 4092359
424 1651 1014215
521 1493 1101540
305 1636 93924
