2000 1600
500
1107 852 468008
1386 1428 1806327
1271 470 595959
71 1356 28379
1043 461 236317
713 42 59355
1348 184 437175
510 1273 69458
3 1216 3971
331 1322 70384
1567 1228 2044099
486 1014 643807
1340 1036 1142820
1039 1506 893615
1817 149 419899
533 1213 1205728
1460 160 2043
890 670 20516
1588 224 125427
438 554 105964
1086 872 408648
536 958 308861
1814 1497 534216
1513 1287 2645152
1719 255 210200
786 1588 217066
1445 599 74411
288 240 62102
755 1027 142095
837 217 77603
193 54 1458
1576 1389 3927507
372 1555 1103940
555 1467 868746
196 1138 9105
1985 1475 5455420
986 919 988594
899 358 316041
232 1064 263388
637 1501 1533472
1499 45 72939
32 420 15957
723 1591 1360681
1262 497 451894
1039 693 574873
1871 1429 1429295
642 1167 150979
811 65 40123
1972 1096 4195064
1359 1284 300900
114 734 135312
1322 766 1457811
1870 1440 197785
1573 1501 360972
294 891 290626
104 762 95666
1788 1355 841632
1494 518 658696
806 89 140764
1886 647 1905655
865 360 107305
289 881 327512
83 1102 110205
268 274 2753
101 119 405
1778 174 459380
1283 761 811773
307 1455 234686
1394 1012 1097708
1481 497 1313334
852 514 111465
1356 402 365817
1025 1284 1557214
933 1103 1278804
1045 355 680710
1695 1332 1282764
1459 1367 1841316
1329 473 203920
116 1018 144598
1791 899 220986
1712 950 2856775
344 305 16008
1008 881 959964
1573 1365 3001036
1612 1209 3591493
474 1303 639020
1557 1513 3774802
1000 441 110894
1002 908 410616
367 698 333962
628 1161 547751
1355 1056 58191
834 1263 1307635
797 388 300411
215 751 241115
1187 424 200481
1490 1180 967242
1464 132 3842
357 1485 776512
972 1451 382687
437 1230 20512
1251 1336 14383
1121 570 897282
1423 918 1528633
1089 284 73351
1515 1070 735935
44 512 1426
485 1575 1206897
870 1083 59521
963 1207 1083327
554 1243 562045
1705 94 146440
1463 366 628309
836 1341 71695
1748 29 75890
1459 1544 876536
1145 339 215355
362 423 258497
1759 444 59335
1391 607 1581799
1626 1160 1517112
1090 1216 2364277
1841 230 311254
362 618 158110
152 1165 158763
1425 575 1527088
1368 871 445732
174 33 8126
954 943 117057
769 733 182293
237 1110 225922
500 999 696729
808 392 164287
282 753 226832
695 504 414404
1489 1528 275731
178 1248 14425
453 621 501795
1854 775 46615
899 743 404162
901 131 167255
63 183 3690
791 990 976391
901 423 566327
1580 718 1624478
224 558 233829
994 336 75396
1034 388 118417
707 1394 305435
121 1492 345773
1372 392 826719
1381 406 49733
1940 1149 2368779
1242 1249 2672413
1296 429 445542
253 1004 450116
241 797 152821
1925 1382 3407802
181 488 78311
1611 1361 2550940
1335 1532 1373050
1589 64 154759
1578 1155 3225375
108 396 30308
1108 1291 1654696
330 695 246419
557 1288 1330359
671 1564 1634116
772 544 199460
1419 1306 3649604
1156 240 259759
1237 1380 212615
1724 109 229649
1758 616 470013
593 1276 1504463
1456 1205 887134
1626 961 2422561
1392 431 949376
140 1154 305919
575 172 118336
1874 128 440583
704 964 811690
798 1487 144119
447 797 435942
1243 589 1459315
481 397 89045
766 1222 250829
690 214 13843
1825 353 1006457
1055 79 125978
1990 304 1031047
316 1407 607947
1622 1405 1935581
1836 1003 1572173
1065 597 1043096
770 1477 1326362
1278 1395 2759935
1499 484 251800
453 1461 239328
209 67 25752
889 1257 590963
1295 1172 2776724
1369 745 1860628
130 980 101930
1686 445 530746
983 1566 997894
1476 43 32252
791 293 413318
670 1146 374236
1254 106 154902
1467 994 1555186
1184 1441 3000714
1107 809 339976
386 1290 177750
1467 1376 3973954
1592 758 1738623
297 1434 402349
349 976 309710
84 45 6615
31 850 3020
1244 269 400514
66 652 47746
811 910 279706
1100 1295 483356
769 761 105803
882 1504 909272
912 1352 504433
137 100 22152
54 535 33929
1468 917 324046
939 161 24570
1004 1378 979093
1661 1388 3253402
279 487 35228
986 1256 1095016
1468 489 1412631
1411 1353 3068359
1940 689 264058
1843 1542 2279169
1791 961 258503
93 651 7435
1862 455 576970
283 467 82399
1516 345 250464
892 930 593351
931 1549 852429
1226 912 404551
424 451 264583
521 693 271066
305 1236 384284
1806 880 1372295
618 341 292937
808 975 146927
1536 491 314232
1551 1334 2754773
1621 1064 197238
1332 1441 2260693
1594 1064 308663
897 737 689629
940 1441 168590
1896 1598 739533
702 1368 1136930
714 527 18808
1592 462 477914
1615 765 2237519
472 385 103255
1629 68 43743
497 14 10711
1367 462 1219291
1729 201 313337
79 448 36509
859 1149 992152
1228 262 483538
524 1454 1479551
1909 1420 5165107
628 1091 531796
1962 1119 4272647
1488 815 1655868
1278 181 130477
556 1062 307938
1275 1492 1420217
1591 750 2210618
826 330 384739
1435 53 109014
9 1113 1986
1396 940 1390254
271 853 402331
1613 693 1240341
1721 1522 2067884
1841 878 736381
562 1352 810952
131 894 27349
1248 1319 1123038
978 1105 707662
562 713 690991
1965 460 436606
10 730 5411
326 695 230903
1057 367 337518
272 207 77373
1348 1569 546172
715 99 43799
1583 1298 716503
1533 1075 1558321
734 436 536592
1800 352 243147
1006 314 607869
1016 1439 1689595
1670 447 1309961
245 718 134039
1650 1265 1456767
805 1531 1600207
1654 666 852178
1372 598 1105645
1043 483 390812
1730 283 111752
476 40 15465
1904 1055 1241735
1978 1076 2749286
418 472 106099
1769 121 219426
1887 926 1291886
904 579 1015335
769 1550 1847964
461 144 107375
189 1425 178129
620 1501 1454928
116 1356 167822
650 86 111001
1983 1255 4122142
386 1423 396669
1205 110 63918
1154 165 315328
169 1285 326397
132 1346 269693
130 1486 309037
1610 457 941689
1929 172 163517
454 1173 434662
854 708 639376
1726 645 1206871
1070 649 91700
1339 202 525792
186 1122 327332
1334 806 735709
1826 887 2246330
95 497 87848
263 377 31053
939 431 740402
452 1284 521373
1220 1361 1215225
1010 782 1390425
1709 920 1876338
924 305 182860
1775 1191 1534067
372 1416 122415
1253 1510 2437751
1743 925 627128
1603 1015 1990558
1836 267 165305
1128 1086 1894810
1864 1247 74983
1248 155 127
786 1430 1512543
997 404 559229
365 1175 135321
1019 1580 1229202
570 922 818158
1297 524 1057957
6 1112 7487
1198 191 232204
1655 455 621624
1742 54 1836
1500 1239 2907409
1114 587 731228
1919 951 3516579
1739 1170 2245530
1372 1291 1841351
730 539 317278
1454 944 627705
1644 1293 753160
871 1348 1607414
496 1441 167539
1875 892 665970
283 5 2318
198 675 41159
1288 1565 1581980
1157 537 1224636
1899 1266 182804
1469 671 1078633
997 1514 1804103
668 336 109694
345 431 215338
924 1057 685329
245 891 274876
952 1488 27584
1762 376 967133
1693 284 865125
1314 535 229670
273 1203 118310
1279 1351 526355
1178 1171 2231284
1623 1115 2712822
1413 790 718790
1693 1434 3832984
1930 1586 4428587
42 1299 23778
118 592 38310
1530 305 322764
1711 530 1764698
1762 608 706228
1326 1385 2735658
1977 560 1158465
210 1172 30534
1899 464 1188752
30 1194 11425
96 387 17491
442 504 53218
1871 1185 3980581
986 495 837360
903 256 53059
970 1533 28692
560 1461 902011
1664 470 1143982
1557 320 969277
836 749 322078
452 1196 346408
1815 437 1346023
1320 1059 591487
1930 844 3089501
621 98 109276
1968 1068 569640
1851 379 301978
1541 42 118861
1154 1550 479880
382 386 119588
1156 437 230472
1163 1403 558432
1578 675 1920923
1224 156 20714
165 377 99956
864 1496 239287
296 546 14225
787 1286 1040618
900 791 622055
531 1572 817272
1711 727 1437059
1238 242 159575
1201 619 1385641
1823 1442 2954669
793 1158 1718161
308 1174 29236
394 269 22933
1258 607 708266
563 1506 459872
569 789 862729
1761 1251 3279276
1293 888 1574299
627 1288 623637
1436 311 427710
352 655 146652
1644 114 136721
1631 907 1219027
163 1364 366635
1132 1078 1934445
1691 446 921209
221 558 142523
230 250 66306
880 477 356753
100 1464 214055
1114 615 461569
85 1058 165442
581 640 585840
545 802 23075
1467 1485 46712
247 1175 555870
1415 547 995819
1033 777 568099
690 56 13977
883 1308 2306696
489 21 6776
1950 1257 2551895
1571 237 156272
803 1581 1689109
197 647 12635
669 94 42313
1490 260 462891
68 1245 39699
1696 734 782363
1704 1168 1614518
1175 1257 438856
812 1206 89154
1906 1128 2511550
439 330 37578
925 1327 2313476
495 1547 489271
1191 1436 2954385
882 1103 1137529
500 351 331810
1278 806 1374890
