400 400
250
353 177 43035
266 144 42065
323 50 28814
364 198 114437
169 315 31630
297 397 171657
362 112 36486
119 103 2781
115 13 2704
239 33 3592
242 338 16613
329 155 88644
265 77 19343
330 40 18250
270 160 26165
392 8 1457
346 321 55752
240 392 157319
250 106 18843
343 344 188131
74 138 10796
334 18 11502
338 234 90346
390 163 122757
240 384 140689
356 375 167456
68 321 41489
195 160 51520
73 361 21301
267 255 13590
94 328 2713
209 214 1962
79 151 2625
376 140 70821
265 331 71707
313 286 6659
320 305 106203
248 52 14762
119 76 5634
143 343 7502
15 388 11240
23 196 3813
49 226 9563
259 154 44582
232 18 5641
188 330 87222
70 201 6439
273 49 7952
138 167 27185
364 262 160203
43 228 16942
354 250 69594
126 250 2819
400 61 7372
14 292 7021
358 79 49494
91 148 18783
81 372 49831
170 110 32941
287 25 5952
345 67 21689
343 21 5253
136 98 13664
106 98 2380
230 111 40435
370 20 14013
392 62 29217
214 143 15924
388 264 194161
328 150 47769
82 47 2696
110 389 62780
292 76 17393
276 181 84882
367 10 4544
302 332 37827
266 275 73297
330 88 19039
14 27 354
110 354 38964
231 35 15622
18 97 1902
177 340 103097
33 215 3927
387 134 4827
2 387 1146
37 252 16452
85 182 17035
323 147 49419
376 208 6982
131 38 9501
332 55 24897
73 183 17494
289 216 90451
286 154 33664
196 107 19194
37 95 6713
152 179 48202
306 53 22732
86 29 3568
171 159 53413
291 43 3288
107 115 20190
263 4 861
185 289 54980
288 36 16569
329 72 2615
173 175 54214
151 80 8126
274 117 50654
157 287 55651
78 178 16475
5 236 1133
114 98 8744
391 282 186008
372 121 80059
60 1 74
243 126 37692
156 276 68415
73 101 14375
19 210 6194
75 239 2503
173 195 9058
385 260 167288
153 250 2569
160 174 28562
251 233 38284
316 27 13599
156 182 7234
26 255 2639
13 225 4760
238 299 16126
240 23 1384
29 7 263
316 111 41213
37 271 19420
230 73 6430
23 388 3309
246 95 29450
343 121 32310
141 85 23732
100 322 4850
249 113 14878
192 141 28255
347 9 6143
351 45 23373
80 274 10515
41 248 2759
29 93 3415
151 36 7485
126 128 6081
230 180 4850
279 380 154362
303 124 43623
333 70 9883
25 372 13659
388 51 1156
374 91 32907
348 120 15096
369 270 161703
61 347 10078
238 176 66781
239 7 2863
1 309 420
207 193 23733
21 169 5252
231 108 15646
314 82 31712
196 381 107663
123 301 33062
85 362 4419
79 151 6010
299 389 148742
51 341 23870
326 99 52664
222 119 23185
89 349 40582
6 214 1957
366 10 4586
396 84 8510
248 121 10567
398 199 92537
323 97 54838
207 100 20422
350 377 98621
238 199 88023
342 239 104576
105 197 24605
302 114 38818
79 61 4722
156 308 22438
195 305 92668
287 180 54356
368 386 34479
390 287 19244
62 124 9886
252 17 6684
343 122 40636
200 375 40993
65 53 1094
14 208 193
35 354 23638
254 241 36169
170 208 62534
88 197 5076
383 258 103492
76 62 5536
312 4 1833
391 203 5355
136 220 53603
341 185 14221
53 220 17716
22 73 428
170 194 34676
255 234 32184
227 216 55386
274 244 120455
337 155 80780
122 145 10465
184 232 816
347 172 33872
269 225 111929
144 246 23436
212 368 49837
87 222 12874
110 400 10398
343 273 69317
189 210 60715
39 283 4981
395 66 34543
218 364 26590
177 232 3486
308 328 35796
111 139 2187
59 177 15904
241 238 24476
238 133 24076
78 321 29533
72 311 603
114 257 41673
36 74 3448
82 203 27140
351 110 55415
18 220 2865
4 278 913
212 70 13070
371 307 9408
2 336 3
243 359 112005
317 73 32390
