1600 1200
750
1507 52 72008
1386 1028 586647
471 470 166379
471 156 2747
243 861 342843
1513 842 484327
548 984 249783
510 73 60278
3 416 2051
331 122 5508
767 428 180147
86 214 4127
540 636 54180
239 306 1115
1017 949 179759
1333 813 217134
1060 560 856443
90 270 37516
788 624 798195
1238 954 18052
286 872 269128
1336 558 502813
614 1097 405976
1513 487 1422648
119 1055 118910
786 788 644650
1045 999 638621
1488 240 246422
1155 1027 1662055
437 617 430359
593 54 47574
376 589 430563
1172 355 286220
955 667 624066
196 338 32625
1185 1075 2096920
186 119 214
499 358 303869
1032 664 422108
637 1101 1316892
1499 445 342759
32 820 15957
1123 391 194847
62 497 8570
1439 1093 2400839
1471 229 343155
1042 767 1116395
1211 865 1338503
1172 296 581944
559 884 109764
1314 334 533088
522 366 167499
670 1040 1197785
773 701 133904
294 891 290626
504 762 302930
588 955 825072
694 918 519232
6 889 5428
1086 1047 2075015
465 1160 196105
1489 81 156882
883 302 23585
268 274 2753
1301 519 361793
978 174 338276
483 1161 154101
707 1055 1029896
994 212 60124
1481 497 1313334
52 114 5865
956 2 2489
1025 484 794614
933 1103 1278804
1445 1155 2557860
95 532 55604
659 167 49132
529 473 217164
916 618 730918
1391 899 2344424
912 150 242375
344 1105 604248
208 881 255164
1173 165 356086
812 9 12589
1274 103 61544
757 713 153968
1000 41 20894
202 908 319816
1567 1098 395138
228 1161 436295
555 1056 374991
834 863 100003
797 388 300411
1415 751 1052195
787 424 353
1490 780 1503642
1064 932 1815234
1557 1085 378982
572 251 126007
37 830 1272
451 536 164799
721 570 541602
1423 918 1528633
289 284 4623
1515 670 1887335
844 912 919058
85 1175 58647
470 1083 59521
163 407 95195
554 43 20233
505 494 433840
1063 1166 2188681
836 541 661911
548 829 152402
1459 344 643096
745 739 331075
762 823 876797
1359 844 84823
1391 1007 616445
826 360 122232
1490 416 855797
1441 1030 1782474
362 1018 123358
1352 765 393323
1025 175 210838
168 871 27652
974 33 12482
154 143 32685
1569 733 1053097
1437 710 503422
500 199 132729
808 792 435775
1482 1153 3044444
295 504 76724
289 328 37139
1378 448 640089
53 221 14813
1454 1175 764915
99 1143 2778
501 531 445915
463 583 99868
1191 590 604151
101 23 2515
780 1118 1382318
1024 958 1458277
1394 736 1445892
1034 1188 1789361
707 594 113131
1321 292 597133
172 792 66975
581 406 269785
1540 749 1128099
842 449 199765
896 29 7462
1453 604 419060
1041 797 152821
725 982 232002
581 488 51959
1211 161 191094
535 732 151090
1589 864 1273415
778 755 815875
508 1196 266180
1108 91 172192
1530 695 1705919
1357 88 191767
1071 764 29860
1172 544 543268
619 106 124752
1556 240 10159
837 980 974735
524 509 435897
1358 616 221149
1393 476 1222847
256 5 1214
826 161 228513
592 831 870560
140 1154 305919
175 172 49536
674 928 24071
1104 964 102186
1598 687 1315679
47 1197 48852
43 189 3649
881 797 909413
366 22 11341
690 214 13843
1425 1153 3113007
655 79 50138
1190 1104 1461127
1516 1007 2850179
22 1005 12081
236 1003 232165
1065 997 649046
1570 1077 160662
78 595 84235
699 484 558656
853 661 422008
1009 467 311082
889 857 1108361
895 372 295604
969 345 535288
930 580 22330
86 845 15606
983 766 616490
676 843 1049180
1591 1093 2599866
670 1146 374236
1254 106 154902
1467 194 205546
384 641 426698
707 9 12322
386 890 254950
1067 176 374242
1192 1158 765439
297 1034 363145
349 176 97518
884 845 50095
831 450 19320
844 269 140122
66 1052 57778
11 910 6706
700 495 637356
769 1161 1697633
1282 304 715992
1312 552 870769
937 100 133752
854 135 30689
1468 117 56870
139 161 2996
1404 978 2558021
461 188 144266
1479 887 60416
586 56 23880
1068 89 176031
1411 553 1044985
1140 1089 1776938
243 742 10305
991 161 45485
93 651 7435
1062 855 327690
1083 67 67423
1116 345 184224
1292 530 1184791
1331 1149 1131225
826 112 141703
1224 851 1706199
121 293 43168
705 836 309164
606 880 738695
218 341 61057
1208 975 942527
1536 91 71544
751 934 583597
1221 1064 1869846
132 641 47845
394 1064 721495
897 737 689629
1340 641 843390
696 398 156237
702 168 227138
714 927 1292584
1192 462 256154
415 365 270819
1272 1185 1189655
29 468 4935
1297 814 1160699
967 62 75755
1329 1001 2573231
879 48 8093
859 749 107382
28 1062 18162
1324 1054 1383023
1509 220 19267
1428 291 102956
362 719 228495
288 415 158748
1278 581 1472377
956 662 631122
475 292 252617
1591 350 619618
426 330 244819
235 853 89074
1209 313 37956
196 140 53294
271 53 28351
413 693 368547
121 722 60948
1441 878 1286009
1362 952 197576
131 494 11629
48 519 40734
1378 1105 1821502
962 313 56111
365 60 25006
410 330 76411
1126 1095 1759863
1057 767 1466394
272 607 6653
548 769 355412
715 99 43799
1183 898 909803
1533 275 101971
334 836 185264
1400 752 659147
206 314 42669
1016 239 358635
470 447 317621
1445 318 370899
1250 865 634767
805 331 73927
1254 266 418906
972 998 1282125
643 483 553100
130 1083 156392
76 40 3305
304 655 348295
778 1076 171190
18 472 11699
169 921 210124
287 126 28682
504 979 613239
1569 750 1396964
61 544 32463
589 1025 702529
1020 701 706888
1316 956 2133550
1450 486 871201
1583 55 65262
386 623 465377
5 910 1018
1154 165 315328
1369 485 934177
132 946 218477
530 686 452477
1210 457 247049
329 572 254109
54 773 33850
854 308 58656
526 1045 639131
1470 249 336580
139 1002 238348
986 322 546972
1334 406 842429
226 887 135270
95 97 9188
1463 1177 1046369
539 831 375146
852 484 88797
820 961 878105
610 782 889945
509 920 853298
124 305 46220
575 391 405917
772 1016 917615
853 310 152551
943 525 431828
1203 215 476308
1036 1067 1522169
1128 1086 1894810
264 47 21911
48 555 23647
1186 230 531823
1397 404 257037
365 1175 135321
219 1180 471562
570 522 576478
1297 124 300509
406 1112 412255
798 191 265820
55 455 2824
542 454 296764
1500 839 1485409
714 587 433032
1119 951 1724895
1339 770 409150
572 491 188559
730 939 974278
1454 544 1232569
844 493 142584
871 548 806094
96 641 73779
1075 492 198570
283 405 104198
598 275 312859
488 765 652300
357 137 67404
699 466 576692
669 271 83403
597 1114 728787
268 336 66686
1545 31 59128
124 257 55153
645 891 568906
152 288 64448
162 1176 346845
893 284 227261
1314 535 229670
673 3 2732
79 151 13985
778 1171 100064
1223 1115 288812
613 790 895750
893 1034 1318052
730 386 553147
1242 499 376074
118 592 38310
1130 305 554564
911 930 1278798
1362 608 715956
126 185 18258
377 560 180705
610 1172 804054
299 464 73296
430 394 286745
896 387 314707
842 504 401986
1071 385 315001
1386 495 589860
1303 256 51011
970 1133 1658292
1360 1061 855131
1264 70 160622
357 320 203197
436 1149 459974
52 796 56456
1415 437 1031383
1320 1059 591487
1530 444 852381
221 498 130192
1568 668 974248
651 779 623416
741 42 18061
1554 1150 2307080
782 1186 465644
756 37 672
1563 603 64550
378 1075 284723
824 556 806826
165 1177 254396
464 296 123831
696 146 193073
787 86 108810
900 791 622055
1331 1172 2711680
911 1127 1561529
1238 1042 699343
401 219 56099
623 242 7641
793 758 198773
1508 1174 3382180
794 1069 355369
458 1007 354838
163 706 104216
969 1189 2241055
561 851 532116
1293 488 167515
227 888 364725
1436 711 1812014
752 255 87932
444 514 195329
31 107 4765
163 164 1515
1132 1078 1934445
1291 46 75873
1421 158 178579
230 250 66306
880 77 34673
100 1064 191655
314 1015 212209
85 258 29782
581 640 585840
1345 402 457175
667 685 84752
1047 375 341470
615 147 33219
1433 777 140749
1090 56 61017
883 108 187496
89 821 25082
1550 57 51095
371 1037 463682
803 381 60625
997 647 1179823
669 494 61045
1490 260 462891
1268 445 1118619
1296 334 849243
904 1168 1352886
375 57 13456
12 6 18
706 328 143806
439 1130 423898
525 527 289076
495 1147 853591
1191 636 391353
1282 703 253345
100 751 3610
1278 6 4874
1011 381 132448
316 344 159575
429 650 37918
1226 1088 1442120
1555 13 78
483 859 424624
1103 50 56011
1535 483 762895
11 534 7135
821 612 16469
750 822 213905
335 290 158448
1125 1118 2368297
994 1096 1399865
1193 250 102249
222 1132 117535
797 987 758
1207 921 544772
224 884 321640
38 856 54923
1362 805 1999948
666 1139 1373289
714 1015 385959
610 408 243894
346 1153 664403
894 174 241155
253 523 262997
60 929 29477
1150 1104 1385392
1573 1094 926235
559 55 27621
1166 1121 2197965
1215 1034 523515
1133 443 461621
98 789 128659
112 34 5848
762 1086 464290
398 746 532715
107 1047 203304
1498 619 815459
1297 777 1419716
1147 294 56754
40 660 38951
1146 592 1096737
660 1041 739413
926 705 795719
118 1066 63556
631 1064 824317
25 1122 53499
123 219 3711
65 1115 22695
510 1014 266371
1227 205 162270
177 550 122894
722 410 185014
454 935 77538
972 604 626024
928 435 598351
380 11 5672
479 85 1452
747 550 354377
144 259 56666
1434 1038 1868966
583 814 485431
1028 735 31636
562 389 125323
1151 512 661974
806 639 566704
628 171 39915
19 649 14273
1181 995 1376096
609 1138 1130039
602 523 587680
47 658 35845
793 85 16784
301 198 59740
1543 501 823871
988 506 394010
420 286 4916
1014 1104 217212
140 636 65342
168 844 203472
6 197 514
1329 595 520951
217 540 33048
1040 440 724485
603 382 257485
1030 121 226963
47 92 2240
1234 305 539463
269 1197 287825
650 564 26166
921 569 380813
915 1049 766607
317 65 21366
156 257 14903
993 811 1512450
329 192 20165
571 238 179940
1450 271 411437
1385 939 28693
1555 341 757648
520 461 377288
482 127 40432
591 1196 618768
486 151 24064
1173 1143 1856145
1440 1072 86522
1380 794 881512
964 596 211782
52 380 25553
1536 286 232773
783 805 765425
550 439 20072
117 629 25861
148 1066 163105
1236 638 1131800
1038 430 233783
1479 561 934764
1262 1124 1356227
1364 727 1602230
708 1062 649899
392 644 41440
1336 745 1969974
359 861 48032
977 209 213159
146 596 126769
9 785 2670
191 263 87658
1518 677 1955918
641 40 26472
542 699 200330
281 1090 464809
376 1177 754266
1309 1088 983894
1174 464 976150
904 161 206777
72 969 116905
373 711 141628
883 1029 1645064
68 469 18515
1179 962 235157
504 394 195750
873 769 1169550
1490 477 874861
615 2 1057
253 906 424689
485 929 869758
1454 502 688628
285 184 33248
544 603 282756
842 933 1274934
990 1037 845235
227 1061 479138
592 550 54812
845 716 714614
361 920 125751
1589 557 1156997
1338 410 753812
950 246 216987
1237 389 363723
1497 382 753870
670 571 532362
636 349 220762
171 540 39823
583 184 50066
548 96 37338
970 437 125558
320 126 77919
572 1075 201724
558 1064 641896
347 912 504805
1372 381 325775
233 216 9083
106 1187 112694
880 521 23070
1569 620 1542365
1082 1189 1802941
799 1108 1707031
1277 879 1937353
752 189 50552
1367 135 96517
763 658 628507
1529 890 717475
1395 195 492183
1401 674 804593
790 994 176224
626 876 862756
899 26 44811
449 55 1282
1121 6 4174
1209 125 83626
1055 87 44503
434 816 163842
1580 610 1231668
1464 362 843445
668 751 882854
891 529 555215
1054 979 445811
1476 1027 2794481
1577 547 804726
1018 107 62114
145 762 15285
777 347 207972
202 278 55361
1469 541 1102901
913 808 1203601
551 498 194053
567 303 229307
1057 978 1936961
353 507 182704
359 276 189794
136 421 75435
1600 749 601205
1031 951 857318
976 371 391382
530 36 17981
1186 586 626054
1523 704 1509852
837 913 1499084
730 65 15720
721 775 993147
418 911 550463
877 910 329468
33 1093 27218
1067 868 671948
640 949 193207
1021 886 896172
602 8 5504
1334 1197 2484804
147 678 11408
666 198 29463
964 215 231941
931 291 137036
1150 276 554886
1119 942 1849813
962 1133 2135465
889 105 164579
552 1107 328522
519 1192 405606
950 138 238923
1046 355 661660
716 918 268391
1248 200 464729
1489 501 1307320
1127 371 190051
431 533 75156
1084 1021 206238
174 724 164240
1271 843 1942259
