1200 1200
250
307 52 25000
986 1028 241239
71 470 31019
871 156 201179
643 861 680355
713 842 344555
948 984 454455
910 73 109918
3 416 2051
331 122 5508
767 428 180147
886 214 205287
540 636 54180
239 306 1115
217 949 352477
933 813 1007370
1060 560 856443
90 270 37516
788 624 798195
438 954 300436
286 872 269128
536 558 368893
614 1097 405976
313 487 77554
519 1055 492380
386 788 427162
245 999 249011
1088 240 184982
1155 1027 1662055
437 617 430359
193 54 1458
376 589 430563
772 355 388460
955 667 624066
596 338 65073
1185 1075 2096920
186 119 214
99 358 21765
632 664 358364
237 1101 72762
299 445 242189
32 820 15957
323 391 235511
862 497 173574
1039 1093 225769
1071 229 273539
1042 767 1116395
811 865 234763
1172 296 581944
159 884 109764
114 334 44112
122 366 6459
1070 1040 1197785
1173 701 288124
1094 891 1242214
504 762 302930
988 955 450712
1094 918 335632
6 889 5428
286 1047 479387
465 1160 196105
1089 81 160122
483 302 44725
268 274 2753
901 519 712637
578 174 107900
483 1161 154101
307 1055 4436
994 212 60124
281 497 107612
452 114 43257
956 2 2489
625 484 504214
133 1103 32414
1045 1155 952410
95 532 55604
259 167 52806
529 473 217164
516 618 572710
191 899 220986
912 150 242375
744 1105 1152328
1008 881 959964
373 165 67996
12 9 205
874 103 131172
357 713 490504
1000 41 20894
1002 908 410616
367 1098 219458
228 1161 436295
555 1056 374991
34 863 27511
1197 388 746611
215 751 241115
387 424 232705
1090 780 520842
264 932 174914
757 1085 294352
172 251 61751
837 830 844552
451 536 164799
321 570 262302
223 918 359101
289 284 4623
715 670 453535
44 912 7058
85 1175 58647
870 1083 59521
163 407 95195
554 43 20233
905 494 92980
263 1166 372053
836 541 661911
948 829 470738
259 344 39720
345 739 13305
362 823 70257
959 844 825855
591 1007 253925
826 360 122232
690 416 481397
241 1030 274554
362 1018 123358
552 765 405563
1025 175 210838
968 871 1323700
974 33 12482
954 143 250617
1169 733 446173
237 710 315982
900 199 252129
8 792 4927
282 1153 111212
1095 504 308564
689 328 191955
978 448 518233
453 221 178353
254 1175 468815
899 1143 535416
501 531 445915
463 583 99868
1191 590 604151
901 23 40143
780 1118 1382318
224 958 232037
194 736 129924
1034 1188 1789361
707 594 113131
521 292 163805
572 792 9951
981 406 582405
740 749 498939
442 449 185397
96 29 3750
253 604 211284
241 797 152821
325 982 232002
981 488 108567
411 161 77428
135 732 48610
389 864 412871
378 755 148455
108 1196 7844
708 91 80464
730 695 413219
157 88 25623
671 764 442420
1172 544 543268
219 106 32744
756 240 192559
37 980 2575
924 509 118281
158 616 100413
193 476 162319
256 5 1214
426 161 92629
192 831 179168
940 1154 905999
975 172 307536
674 928 24071
1104 964 102186
1198 687 532499
847 1197 1078272
843 189 60349
81 797 53435
366 22 11341
1090 214 399043
1025 1153 1037607
655 79 50138
390 1104 423367
716 1007 304483
822 1005 566841
236 1003 232165
265 997 190426
770 1077 246822
78 595 84235
1099 484 415392
53 661 59780
1009 467 311082
89 857 126239
95 372 35204
569 345 357958
530 580 22330
486 845 691606
983 766 616490
1076 843 502916
1191 1093 735208
670 1146 374236
454 106 39150
667 194 210590
784 641 570282
707 9 12322
786 890 1219710
667 176 50402
1192 1158 765439
1097 1034 2207801
749 176 92238
884 845 50095
831 450 19320
44 269 2394
466 1052 491202
411 910 137746
700 495 637356
369 1161 248705
882 304 514136
112 552 93553
537 100 3752
854 135 30689
268 117 52190
139 161 2996
204 978 210821
61 188 17554
279 887 464888
186 56 13352
268 89 38615
1011 553 978625
740 1089 1167098
643 742 578677
191 161 50315
893 651 68629
662 855 272970
283 67 12215
316 345 112464
492 530 285911
131 1149 255687
426 112 46279
424 851 17815
521 293 228344
1105 836 284084
