1600 800
1000
1507 52 72008
1386 628 420327
471 470 166379
471 556 451139
243 461 207735
1513 42 78843
548 184 188407
510 473 190838
3 416 2051
331 522 69060
767 428 180147
86 214 4127
540 236 214020
239 706 183711
1017 149 135011
1333 413 238462
1060 160 8443
90 670 33916
788 224 293875
1238 554 285460
286 72 3720
1336 158 246301
614 697 418256
1513 487 1422648
119 255 40370
786 788 644650
1045 599 1104691
1488 240 246422
1155 227 282985
437 217 351
593 54 47574
376 589 430563
1172 755 1130060
955 667 624066
196 338 32625
1185 675 615670
186 119 214
499 358 303869
1032 264 273500
637 701 434010
1499 45 72939
32 420 15957
1123 791 1277419
62 497 8570
1439 693 239461
1471 629 340213
1042 367 178595
1211 65 115393
1172 296 581944
559 484 6908
1314 734 470016
522 766 795987
670 640 447385
773 701 133904
294 91 13090
504 762 302930
588 555 284112
694 518 652480
6 89 856
1086 647 202751
465 360 121705
1489 81 156882
883 302 23585
268 274 2753
1301 119 223887
978 174 338276
483 761 90345
707 655 209776
994 212 60124
1481 497 1313334
52 514 16889
956 402 709929
1025 484 794614
933 303 506280
1445 355 347010
95 532 55604
659 567 200702
529 473 217164
916 218 181318
1391 99 52056
912 150 242375
344 305 16008
208 81 6396
1173 565 1130266
812 409 527397
1274 503 662872
757 713 153968
1000 441 110894
202 108 40248
1567 698 909114
228 361 45503
555 256 126351
834 463 665455
797 388 300411
1415 751 1052195
787 424 353
1490 380 907642
1064 132 223490
1557 685 192142
572 651 414295
37 430 15332
451 536 164799
721 570 541602
1423 118 253625
289 284 4623
1515 270 129935
844 512 189842
85 775 130897
470 283 185481
163 407 95195
554 443 459001
505 94 43980
1063 366 313549
836 541 661911
548 29 16498
1459 744 1343416
745 339 1785
762 423 392165
1359 444 813247
1391 607 1581799
826 360 122232
1490 416 855797
1441 230 399114
362 618 158110
1352 365 487963
1025 575 262088
168 71 19252
974 33 12482
154 143 32685
1569 733 1053097
1437 310 187282
500 199 132729
808 392 164287
1482 753 154544
295 504 76724
289 728 263715
1378 448 640089
53 621 28593
1454 775 328715
99 743 53466
501 131 118261
463 183 75792
1191 190 365951
101 423 21503
780 718 418238
1024 558 876645
1394 336 107652
1034 388 118417
707 594 113131
1321 692 480885
172 392 83487
581 406 269785
1540 349 339619
842 449 199765
896 429 747558
1453 204 500428
1041 797 152821
725 582 394402
581 488 51959
1211 561 767530
535 732 151090
1589 64 154759
778 355 528015
508 396 302756
1108 491 5992
1530 695 1705919
1357 488 712855
1071 764 29860
1172 544 543268
619 506 317880
1556 240 10159
837 580 807335
524 109 22985
1358 616 221149
1393 476 1222847
256 405 26814
826 161 228513
592 431 108064
140 354 42719
175 172 49536
674 128 110343
1104 164 278826
1598 687 1315679
47 797 23096
43 589 15087
881 397 393147
366 422 235333
690 214 13843
1425 353 653457
655 79 50138
1190 304 52167
1516 607 1516099
22 605 10321
236 203 70269
1065 597 1043096
1570 677 1046142
78 595 84235
699 484 558656
853 661 422008
1009 67 97174
889 457 804323
895 372 295604
969 745 506218
930 180 59530
86 445 71506
983 766 616490
676 43 25716
1591 293 681120
670 346 218796
1254 106 154902
1467 194 205546
384 641 426698
707 9 12322
386 490 293550
1067 576 66946
1192 758 40703
297 634 227713
349 176 97518
884 45 5895
831 50 19320
844 269 140122
66 652 47746
11 110 1646
700 495 637356
769 761 105803
1282 704 551896
1312 552 870769
937 100 133752
854 535 474769
1468 117 56870
139 161 2996
1404 578 480101
461 588 424554
1479 487 391712
586 456 211400
1068 489 575463
1411 553 1044985
1140 689 1063298
243 742 10305
991 161 45485
93 651 7435
1062 455 136530
1083 467 264529
1116 345 184224
1292 130 99511
1331 749 1317565
826 112 141703
1224 451 279015
121 693 10498
705 436 546044
606 80 59975
218 341 61057
1208 175 96927
1536 491 314232
751 534 9833
1221 264 267894
132 641 47845
394 264 179351
897 737 689629
1340 641 843390
696 798 587757
702 568 698882
714 527 18808
1192 462 256154
415 765 279119
1272 385 922535
29 68 3079
1297 14 34903
967 462 524443
1329 201 29525
879 448 345629
859 349 366800
28 262 7746
1324 654 1499535
1509 620 1709347
1428 291 102956
362 319 116999
288 15 348
1278 181 130477
956 262 229602
475 692 172817
1591 750 2210618
426 330 244819
235 53 24214
1209 313 37956
196 140 53294
271 53 28351
413 693 368547
121 722 60948
1441 78 40985
1362 552 350120
131 94 16869
48 519 40734
1378 305 801782
962 713 1010415
365 460 317006
410 730 560211
1126 695 645123
1057 367 337518
272 207 77373
548 769 355412
715 99 43799
1183 498 394015
1533 275 101971
334 436 222672
1400 352 524747
206 314 42669
1016 639 1230363
470 447 317621
1445 718 844859
1250 465 222267
805 731 687337
1254 666 348682
972 598 1009965
643 483 553100
130 283 21192
76 40 3305
304 255 50375
778 276 121398
18 472 11699
169 121 22196
287 126 28682
504 579 144519
1569 750 1396964
61 144 5135
589 625 349129
1020 701 706888
1316 556 1291310
1450 86 76601
1583 455 366032
386 623 465377
5 110 118
1154 165 315328
1369 485 934177
132 546 110237
530 686 452477
1210 457 247049
329 172 30389
54 373 9982
854 708 639376
526 645 239371
1470 649 1039240
139 202 11500
986 322 546972
1334 6 4677
226 87 37186
95 497 87848
1463 377 619173
539 431 339572
852 484 88797
820 561 837105
610 782 889945
509 120 38898
124 305 46220
575 391 405917
772 616 65327
853 710 664351
943 125 7478
1203 215 476308
1036 267 86273
1128 286 103546
264 447 93191
48 155 127
1186 630 555543
1397 404 257037
365 375 135321
219 780 7282
570 122 109078
1297 524 1057957
406 312 243359
798 191 265820
55 455 2824
542 54 38772
1500 439 729409
714 587 433032
1119 151 209769
1339 370 917970
572 491 188559
730 539 317278
1454 144 162425
844 493 142584
871 548 806094
96 641 73779
1075 92 164170
283 5 2318
598 675 462359
488 765 652300
357 537 4572
699 466 576692
669 671 710925
597 714 695355
268 336 66686
1545 431 176548
124 257 55153
645 91 34846
152 688 1216
162 376 61725
893 284 227261
1314 535 229670
673 403 234244
79 551 50167
778 371 391036
1223 315 753552
613 790 895750
893 634 1082300
730 786 734187
1242 499 376074
118 592 38310
1130 305 554564
911 530 641098
1362 608 715956
126 585 103938
377 560 180705
610 372 408774
299 464 73296
430 394 286745
896 387 314707
842 504 401986
1071 385 315001
1386 495 589860
1303 256 51011
970 733 399232
1360 661 302971
1264 470 843182
357 320 203197
436 749 82398
52 396 3208
1415 437 1031383
1320 259 113647
1530 44 69021
221 98 24996
1568 268 610472
651 379 51838
741 42 18061
1554 750 1219280
782 386 450004
756 437 62664
1563 603 64550
378 675 171323
824 156 108074
165 377 99956
464 696 316855
696 546 346193
787 486 181214
900 791 622055
1331 772 1955672
911 727 174987
1238 242 159575
401 619 58505
623 642 673005
793 358 211461
1508 374 643652
794 269 155281
458 607 380486
163 706 104216
969 789 1506553
561 451 462552
1293 88 43387
227 488 34213
1436 311 427710
752 655 817372
444 114 35489
31 107 4765
163 564 74539
1132 278 28157
1291 446 34561
1421 558 769715
230 250 66306
880 477 356753
100 664 50855
314 615 136849
85 258 29782
581 640 585840
1345 2 5255
667 685 84752
1047 375 341470
615 547 230019
1433 777 140749
1090 56 61017
883 508 307584
89 21 518
1550 457 1204295
371 237 20708
803 781 739963
997 647 1179823
669 94 42313
1490 260 462891
1268 445 1118619
1296 734 1087707
904 368 658614
375 457 242956
12 406 1458
706 328 143806
439 330 37578
525 527 289076
495 747 599161
1191 636 391353
1282 303 37969
100 351 51010
1278 6 4874
1011 381 132448
316 744 78679
429 650 37918
1226 288 343624
1555 13 78
483 59 52714
1103 450 166311
1535 483 762895
11 134 1195
821 612 16469
750 22 9905
335 690 279048
1125 318 460297
994 296 222969
1193 250 102249
222 732 323551
797 587 681396
1207 521 1138616
224 84 33128
38 456 9931
1362 405 1060168
666 739 530133
714 615 193179
610 8 9654
346 753 31915
894 174 241155
253 523 262997
60 129 317
1150 704 281392
1573 294 649387
559 55 27621
1166 721 1108921
1215 634 679035
1133 443 461621
98 789 128659
112 434 36760
762 686 86338
398 746 532715
107 647 134182
1498 619 815459
1297 377 39708
1147 294 56754
40 260 11751
1146 592 1096737
660 241 314373
926 705 795719
118 666 45148
631 264 329613
25 722 31599
123 619 101865
65 315 32445
510 214 150091
1227 605 898470
177 150 16694
722 10 11734
454 135 36678
972 604 626024
928 435 598351
380 11 5672
479 485 130782
747 550 354377
144 259 56666
1434 238 480854
583 414 154287
1028 335 268076
562 789 189391
1151 512 661974
806 639 566704
628 571 686755
19 249 5115
1181 195 17946
609 338 408983
602 523 587680
47 658 35845
793 85 16784
301 198 59740
1543 101 138779
988 106 208266
420 286 4916
1014 304 184764
140 236 37342
168 44 528
6 197 514
1329 595 520951
217 140 15688
1040 440 724485
603 382 257485
1030 121 226963
47 92 2240
1234 305 539463
269 797 284059
650 164 78166
921 169 248189
915 249 157217
317 465 94276
156 257 14903
993 411 731952
329 192 20165
571 238 179940
1450 671 1406137
1385 139 125643
1555 341 757648
520 461 377288
482 127 40432
591 796 60864
486 151 24064
1173 343 795753
1440 672 132602
1380 794 881512
964 196 88390
52 780 69233
1536 286 232773
783 5 5915
550 39 42072
117 629 25861
148 666 124625
1236 238 459416
1038 430 233783
1479 561 934764
1262 724 1336035
1364 327 459198
708 262 100491
392 244 116704
1336 345 206454
359 461 307230
977 609 219021
146 596 126769
9 385 4830
191 263 87658
1518 277 480422
641 40 26472
542 299 184070
281 690 346789
376 777 199290
1309 688 523126
1174 64 149654
904 561 747369
72 569 39001
373 311 139390
883 229 198710
68 69 5187
1179 162 41801
504 794 653382
873 369 162108
1490 77 216281
615 2 1057
253 106 15841
485 529 205308
1454 102 176820
285 184 33248
544 603 282756
842 533 715846
990 237 259155
227 661 185400
592 550 54812
845 716 714614
361 520 356791
1589 557 1156997
1338 410 753812
950 246 216987
1237 789 707609
1497 382 753870
670 571 532362
636 349 220762
171 140 5623
583 184 50066
548 96 37338
970 437 125558
320 526 100959
572 675 144524
558 664 320488
347 112 16229
1372 781 548039
233 616 262587
106 787 91706
880 121 88190
1569 220 98885
1082 389 638709
799 708 288007
1277 479 384521
752 589 364888
1367 135 96517
763 258 152395
1529 490 258775
1395 595 464283
1401 674 804593
790 194 229944
626 476 522212
899 26 44811
449 55 1282
1121 6 4174
1209 125 83626
1055 87 44503
434 16 11074
1580 610 1231668
1464 762 1973653
668 751 882854
891 129 100805
1054 579 163339
1476 227 320705
1577 547 804726
1018 507 933522
145 762 15285
777 747 366480
202 278 55361
1469 141 56973
913 8 5745
551 98 97077
567 703 661361
1057 578 1218201
353 107 32326
359 676 433914
136 21 1451
1600 349 486005
1031 551 933612
976 771 373814
530 436 145181
1186 186 14078
1523 304 96508
837 113 25964
730 465 183620
721 375 488447
418 511 318055
877 510 171608
33 293 9134
1067 468 765844
640 549 159927
1021 486 103876
602 408 371520
1334 797 19572
147 278 63740
666 198 29463
964 615 829621
931 691 608122
1150 276 554886
1119 542 1156033
962 733 1315841
889 505 751319
552 307 18298
519 392 114966
950 538 789923
1046 755 1540300
716 118 76503
1248 600 963929
1489 501 1307320
1127 371 190051
431 533 75156
1084 621 84830
174 724 164240
1271 443 1070353
1117 592 552176
439 389 330662
1111 304 28856
797 751 456537
1525 192 334148
129 518 109158
425 148 87202
1006 783 1332578
1292 508 211370
283 531 170484
18 47 1651
1089 37 65640
67 347 3517
1562 343 467042
360 268 23893
107 748 128442
577 724 143109
1578 130 355044
352 621 108567
649 455 513663
940 472 722391
1022 761 959760
1045 379 604326
124 692 65133
1553 251 343160
677 710 950947
1566 38 67246
106 15 771
581 718 164895
1564 566 300202
676 705 878321
187 479 78215
86 275 43251
331 398 178410
1271 702 1002881
1230 578 107982
336 95 23851
1318 201 192525
380 333 171895
863 296 58572
552 172 55261
1512 710 616827
737 795 460141
787 325 35899
729 348 477872
473 777 654538
126 665 102564
1416 382 956640
1120 761 89549
1446 375 1051504
1186 126 273095
1534 390 374028
760 326 458622
1060 664 1335779
510 592 590046
662 264 321446
143 389 38748
966 204 254875
294 76 8516
1202 721 1172494
1157 658 323040
836 591 31061
423 102 41778
1157 714 165257
615 775 73817
772 188 104416
105 330 61773
103 48 9872
481 341 265907
724 294 224524
542 650 541733
485 237 25116
721 660 412657
1282 216 138170
458 382 191401
1026 353 310976
258 457 42734
1030 111 146581
1557 592 126729
912 67 24654
1435 608 753847
919 644 978980
194 564 30919
1171 597 866628
812 255 99931
1228 480 891883
1032 289 165603
1517 70 107382
449 27 13609
1321 138 233875
86 324 52403
204 794 202950
207 188 12290
69 110 5434
498 473 279304
60 101 4580
422 684 20204
345 152 100338
826 600 722076
1002 320 420325
892 757 211056
142 160 10433
836 719 948444
493 787 300181
1546 37 50470
806 96 101702
1345 70 175141
924 414 381816
1021 791 1168065
248 192 87198
1564 635 1054602
3 329 669
388 364 119295
159 56 6162
1192 353 627270
1097 710 1092553
1102 454 579890
894 578 472519
1285 350 617249
1379 150 409192
192 113 15207
113 468 61279
1345 407 345650
896 565 117297
1585 508 936521
262 4 215
634 657 51368
628 750 42925
586 786 421267
887 564 952848
1378 307 267032
8 419 915
1014 516 965049
1135 611 19012
863 147 66711
1296 408 826397
486 593 311905
33 772 46427
158 558 85276
984 196 122048
711 325 360310
1350 333 75681
409 546 400364
1473 433 1253186
1054 495 781296
1495 190 180463
1139 227 26525
191 260 86999
1593 417 590722
933 152 89239
36 62 2187
1397 611 401699
329 571 271453
224 444 48681
633 249 181955
388 143 105397
902 33 17491
761 224 33978
1039 216 433530
978 700 838113
312 287 167278
1570 84 222097
1113 764 588483
401 188 58526
121 372 69711
687 760 76797
195 413 7790
730 373 474025
275 163 4820
1037 340 703392
1501 203 31730
1227 173 159681
1115 485 116557
1573 85 181496
427 557 259455
1481 443 1117170
277 190 27231
258 119 10239
462 393 128954
434 181 101737
1105 82 174520
14 508 8592
607 22 2100
715 346 353936
562 772 830356
1228 204 488494
158 481 108215
748 290 384785
1262 752 999530
1139 737 1569396
908 241 53583
1327 606 823390
1022 764 716095
401 678 205277
1016 439 554668
939 419 444954
1304 576 815368
1411 75 186407
835 536 220408
1004 427 264200
1354 534 1067952
184 612 216678
1474 33 23857
384 433 240807
792 200 100925
372 338 92991
1307 393 552728
674 203 78100
330 590 55832
290 345 183858
985 450 73143
1473 186 215894
166 59 1610
870 794 577002
1356 786 740777
1481 709 1255142
423 767 240440
1093 192 164893
1036 521 640610
1067 362 170110
276 547 53524
18 419 9097
723 584 766135
660 205 228832
1381 313 126935
253 193 1821
262 167 53935
216 459 68674
1524 247 736115
221 513 160284
766 341 324806
609 358 208968
189 633 228437
1427 492 1170556
1059 625 1130590
1027 77 4968
1256 339 773866
1002 106 149309
1388 29 60451
246 601 36615
1065 566 546231
1183 375 539271
470 563 312373
693 742 104968
1120 200 51320
1059 778 347289
1542 785 523867
1391 187 120730
99 774 62204
1005 571 1114522
