800 400
500
353 177 43035
666 144 51281
323 50 28814
364 198 114437
169 315 31630
297 397 171657
362 112 36486
519 103 44393
115 13 2704
239 33 3592
642 338 115309
329 155 88644
665 77 50913
730 40 11050
270 160 26165
792 8 1457
746 321 387024
240 392 157319
250 106 18843
343 344 188131
474 138 28460
334 18 11502
738 234 34186
790 163 223817
640 384 325009
756 375 176456
68 321 41489
595 160 22720
473 361 86281
667 255 246660
494 328 291353
209 214 1962
479 151 80843
376 140 70821
265 331 71707
313 286 6659
720 305 350203
248 52 14762
119 76 5634
543 343 82962
415 388 7360
23 196 3813
49 226 9563
259 154 44582
232 18 5641
588 330 63462
70 201 6439
673 49 63518
138 167 27185
764 262 229371
43 228 16942
754 250 135594
126 250 2819
400 61 7372
414 292 131997
358 79 49494
91 148 18783
481 372 264103
170 110 32941
687 25 30902
745 67 94719
743 21 1095
536 98 8960
506 98 63924
230 111 40435
770 20 9613
392 62 29217
614 143 117740
788 264 384241
328 150 47769
482 47 12096
510 389 288400
692 76 38673
276 181 84882
767 10 3804
702 332 175939
666 275 111797
730 88 128159
414 27 22278
110 354 38964
231 35 15622
18 97 1902
577 340 16057
433 215 9087
787 134 159463
2 387 1146
37 252 16452
85 182 17035
723 147 128211
776 208 213318
131 38 9501
332 55 24897
73 183 17494
689 216 40339
286 154 33664
596 107 104794
437 95 23813
552 179 73978
306 53 22732
486 29 6352
171 159 53413
291 43 3288
107 115 20190
663 4 805
185 289 54980
688 36 32697
729 72 15143
173 175 54214
551 80 87006
674 117 10406
557 287 104441
78 178 16475
405 236 22373
514 98 49904
391 282 186008
372 121 80059
460 1 914
243 126 37692
156 276 68415
473 101 9527
19 210 6194
75 239 2503
173 195 9058
385 260 167288
153 250 2569
560 174 28562
251 233 38284
716 27 423
556 182 59650
426 255 191339
13 225 4760
638 299 306754
640 23 1384
29 7 263
716 111 2141
37 271 19420
630 73 64830
23 388 3309
246 95 29450
343 121 32310
541 85 67932
500 322 133650
649 113 91492
592 141 41791
747 9 7943
351 45 23373
480 274 142035
441 248 59799
29 93 3415
551 36 15045
526 128 39873
230 180 4850
279 380 154362
303 124 43623
333 70 9883
425 372 50859
788 51 63988
774 91 70763
748 120 162936
369 270 161703
61 347 10078
638 176 189981
239 7 2863
401 309 130200
607 193 124865
421 169 4576
231 108 15646
314 82 31712
596 381 125951
523 301 132392
85 362 4419
79 151 6010
299 389 148742
51 341 23870
726 99 37616
222 119 23185
489 349 130624
406 214 8805
766 10 1586
796 84 122750
248 121 10567
798 199 48757
723 97 114396
207 100 20422
350 377 98621
238 199 88023
742 239 57732
505 197 87645
302 114 38818
79 61 4722
556 308 172742
195 305 92668
687 180 57236
768 386 195055
390 287 19244
62 124 9886
652 17 1108
343 122 40636
600 375 190993
65 53 1094
414 208 109185
35 354 23638
254 241 36169
570 208 33414
488 197 14532
383 258 103492
476 62 1568
712 4 1897
791 203 130809
136 220 53603
341 185 14221
53 220 17716
422 73 33716
570 194 15276
255 234 32184
627 216 95562
674 244 244407
337 155 80780
122 145 10465
584 232 268080
747 172 63456
269 225 111929
144 246 23436
612 368 311853
487 222 45730
510 400 306398
743 273 226565
589 210 92215
39 283 4981
395 66 34543
218 364 26590
177 232 3486
308 328 35796
511 139 73911
459 177 148300
641 238 247720
638 133 5988
478 321 252949
72 311 603
114 257 41673
36 74 3448
82 203 27140
751 110 45515
418 220 82065
4 278 913
212 70 13070
771 307 278954
402 336 51075
243 359 112005
317 73 32390
409 108 50251
465 189 103583
752 92 105114
518 61 39897
22 65 2363
454 228 162304
275 198 39111
229 199 70690
455 393 107065
543 262 282977
88 270 3196
107 334 35493
231 237 69558
513 354 305984
117 327 51304
751 332 267947
303 159 57816
465 387 203019
210 393 45531
666 135 135872
442 223 39762
278 281 30583
254 111 7596
321 175 21871
800 244 45100
544 194 197271
114 48 3413
634 112 18263
552 274 257887
14 139 810
138 181 39032
531 10 2612
761 215 36384
428 87 39305
401 86 21000
700 229 269589
82 295 5337
423 128 63340
253 279 24679
124 244 56424
481 381 293102
612 63 26429
175 24 219
200 3 305
400 3 1942
795 302 338663
184 336 90353
20 310 3744
319 162 57362
44 237 3433
755 269 308970
750 32 28964
754 206 204499
124 6 574
428 357 182792
321 352 85662
443 135 30483
459 106 41930
554 376 213251
127 19 3542
696 325 258460
445 274 14232
608 227 64457
347 350 170654
440 329 169043
583 250 188714
132 244 62168
64 303 24289
257 56 4552
612 135 112811
3 30 55
414 26 3577
505 185 27327
354 83 15701
159 122 3717
321 257 70752
386 388 102662
185 4 1108
441 260 47555
321 23 2147
123 25 1930
697 391 313837
745 95 78190
124 400 33922
652 111 15532
260 31 13932
518 369 87459
523 153 131232
30 146 7374
744 18 10796
393 140 56813
22 36 59
429 381 268033
268 104 50041
141 307 17525
136 166 44309
739 235 75311
578 357 249910
323 386 86195
776 330 423568
404 274 124139
456 247 64590
450 275 216174
90 94 2649
530 235 131735
680 322 389721
765 261 291335
465 390 77244
670 312 252409
572 288 142402
139 243 60955
197 298 83774
739 299 27782
364 388 27402
445 118 53108
479 349 270083
631 313 162407
618 330 301310
161 151 21968
441 323 255543
603 13 11405
237 210 8272
518 100 51050
626 15 10509
379 59 24272
366 90 56407
626 272 29015
747 89 114730
408 201 39143
381 194 6749
193 396 55269
247 232 56406
550 302 181497
751 127 21720
140 57 11770
397 22 8887
603 247 255133
274 145 9943
673 153 85454
775 133 123019
799 278 204232
436 76 59055
233 226 57968
130 176 28026
393 267 119532
314 264 123703
725 18 6554
207 291 92218
81 116 16950
604 90 66507
424 89 9072
239 76 2515
286 308 120172
185 389 28972
563 381 266210
644 247 10365
251 171 62861
104 329 31841
501 9 8100
603 165 69282
789 140 79422
4 379 2401
542 216 10164
458 400 146105
501 114 64861
10 310 1483
183 160 44325
725 263 198085
757 315 313016
409 117 70228
550 57 7701
283 60 19319
139 154 40938
254 211 33878
310 311 109171
699 272 201836
133 54 3383
490 378 319993
374 287 108864
219 247 48112
532 348 309049
233 230 3984
711 368 484749
557 173 44475
754 35 12981
264 333 83781
436 17 10634
14 106 2236
159 80 15234
666 250 100760
441 334 66331
273 166 23372
517 28 26663
465 184 126467
224 89 24053
644 305 5417
136 340 64754
482 305 112619
709 63 12130
422 328 42852
733 321 442969
239 145 8080
726 213 45845
380 278 105353
158 101 30073
371 344 240113
467 32 8996
580 113 9925
751 373 40357
552 394 346123
203 326 11679
139 116 25603
688 41 32336
417 372 27285
681 129 3941
185 51 11370
794 118 110055
93 249 17443
497 151 64129
116 303 32132
414 105 29009
232 244 7108
546 83 12444
273 51 8013
677 283 69448
381 68 30498
733 61 65081
715 105 134618
10 202 3798
28 269 604
392 282 15965
232 65 3360
588 210 56834
487 83 13291
406 359 169531
405 292 153834
54 176 4350
173 90 17623
92 51 9088
209 79 31966
181 22 809
657 253 53401
528 392 107638
481 79 31732
485 36 14135
324 40 11746
629 45 52613
147 169 29602
569 260 291693
792 21 18859
