1200 800
250
307 52 25000
986 628 1045815
71 470 31019
871 556 431123
643 461 137663
713 42 59355
948 184 317943
910 473 455718
3 416 2051
331 522 69060
767 428 180147
886 214 205287
540 236 214020
239 706 183711
217 149 1805
933 413 158340
1060 160 8443
90 670 33916
788 224 293875
438 554 105964
286 72 3720
536 158 79453
614 697 418256
313 487 77554
519 255 248450
386 788 427162
245 599 56441
1088 240 184982
1155 227 282985
437 217 351
193 54 1458
376 589 430563
772 755 465660
955 667 624066
596 338 65073
1185 675 615670
186 119 214
99 358 21765
632 264 176348
237 701 105942
299 45 5979
32 420 15957
323 791 344039
862 497 173574
1039 693 574873
1071 629 1066079
1042 367 178595
811 65 40123
1172 296 581944
159 484 104676
114 734 135312
122 766 60627
1070 640 1368985
1173 701 288124
1094 91 104454
504 762 302930
988 555 559392
1094 518 488792
6 89 856
286 647 57823
465 360 121705
1089 81 160122
483 302 44725
268 274 2753
901 119 117977
578 174 107900
483 761 90345
307 655 28996
994 212 60124
281 497 107612
452 514 115577
956 402 709929
625 484 504214
133 303 12996
1045 355 680710
95 532 55604
259 567 275546
529 473 217164
516 218 50518
191 99 11268
912 150 242375
744 305 289288
1008 81 24540
373 565 329096
12 409 3877
874 503 513984
357 713 490504
1000 441 110894
1002 108 73944
367 698 333962
228 361 45503
555 256 126351
34 463 7995
1197 388 746611
215 751 241115
387 424 232705
1090 380 41242
264 132 3842
757 685 559302
172 651 159103
837 430 225172
451 536 164799
321 570 262302
223 118 22817
289 284 4623
715 270 267635
44 512 1426
85 775 130897
870 283 400561
163 407 95195
554 443 459001
905 94 169000
263 366 136405
836 541 661911
948 29 53618
259 744 56296
345 339 130605
362 423 258497
959 444 787495
591 607 666443
826 360 122232
690 416 481397
241 230 101034
362 618 158110
552 365 394523
1025 575 262088
968 71 3348
974 33 12482
954 143 250617
1169 733 446173
237 310 3142
900 199 252129
8 392 1215
282 753 226832
1095 504 308564
689 728 4547
978 448 518233
453 621 501795
254 775 49715
899 743 404162
501 131 118261
463 183 75792
1191 190 365951
901 423 566327
780 718 418238
224 558 233829
194 336 74052
1034 388 118417
707 594 113131
521 692 201317
572 392 183839
981 406 582405
740 349 102299
442 449 185397
96 429 33702
253 204 21028
241 797 152821
325 582 248902
981 488 108567
411 561 310876
135 732 48610
389 64 39431
378 355 178695
108 396 30308
708 491 430216
730 695 413219
157 488 13063
671 764 442420
1172 544 543268
219 506 125600
756 240 192559
37 580 17375
924 109 129369
158 616 100413
193 476 162319
256 405 26814
426 161 92629
192 431 80480
940 354 127679
975 172 307536
674 128 110343
1104 164 278826
1198 687 532499
847 797 863134
843 589 695971
81 397 15203
366 422 235333
1090 214 399043
1025 353 635807
655 79 50138
390 304 173767
716 607 49587
822 605 484641
236 203 70269
265 597 278936
770 677 71262
78 595 84235
1099 484 415392
53 661 59780
1009 67 97174
89 457 75865
95 372 35204
569 745 813158
530 180 149530
486 445 103546
983 766 616490
1076 43 55300
1191 293 430312
670 346 218796
454 106 39150
667 194 210590
784 641 570282
707 9 12322
786 490 40710
667 576 712066
1192 758 40703
1097 634 325349
749 176 92238
884 45 5895
831 50 19320
44 269 2394
466 652 334626
411 110 55546
700 495 637356
369 761 23615
882 704 1022168
112 552 93553
537 100 3752
854 535 474769
268 117 52190
139 161 2996
204 578 77813
61 588 40002
279 487 35228
186 456 162152
268 489 4311
1011 553 978625
740 689 980618
643 742 578677
191 161 50315
893 651 68629
662 455 491430
283 467 82399
316 345 112464
492 130 89111
131 749 23293
426 112 46279
424 451 264583
521 693 271066
1105 436 310604
