800 400
750
353 177 43035
666 144 51281
323 50 28814
364 198 114437
169 315 31630
297 397 171657
362 112 36486
519 103 44393
115 13 2704
239 33 3592
642 338 115309
329 155 88644
665 77 50913
730 40 11050
270 160 26165
792 8 1457
746 321 387024
240 392 157319
250 106 18843
343 344 188131
474 138 28460
334 18 11502
738 234 34186
790 163 223817
640 384 325009
756 375 176456
68 321 41489
595 160 22720
473 361 86281
667 255 246660
494 328 291353
209 214 1962
479 151 80843
376 140 70821
265 331 71707
313 286 6659
720 305 350203
248 52 14762
119 76 5634
543 343 82962
415 388 7360
23 196 3813
49 226 9563
259 154 44582
232 18 5641
588 330 63462
70 201 6439
673 49 63518
138 167 27185
764 262 229371
43 228 16942
754 250 135594
126 250 2819
400 61 7372
414 292 131997
358 79 49494
91 148 18783
481 372 264103
170 110 32941
687 25 30902
745 67 94719
743 21 1095
536 98 8960
506 98 63924
230 111 40435
770 20 9613
392 62 29217
614 143 117740
788 264 384241
328 150 47769
482 47 12096
510 389 288400
692 76 38673
276 181 84882
767 10 3804
702 332 175939
666 275 111797
730 88 128159
414 27 22278
110 354 38964
231 35 15622
18 97 1902
577 340 16057
433 215 9087
787 134 159463
2 387 1146
37 252 16452
85 182 17035
723 147 128211
776 208 213318
131 38 9501
332 55 24897
73 183 17494
689 216 40339
286 154 33664
596 107 104794
437 95 23813
552 179 73978
306 53 22732
486 29 6352
171 159 53413
291 43 3288
107 115 20190
663 4 805
185 289 54980
688 36 32697
729 72 15143
173 175 54214
551 80 87006
674 117 10406
557 287 104441
78 178 16475
405 236 22373
514 98 49904
391 282 186008
372 121 80059
460 1 914
243 126 37692
156 276 68415
473 101 9527
19 210 6194
75 239 2503
173 195 9058
385 260 167288
153 250 2569
560 174 28562
251 233 38284
716 27 423
556 182 59650
426 255 191339
13 225 4760
638 299 306754
640 23 1384
29 7 263
716 111 2141
37 271 19420
630 73 64830
23 388 3309
246 95 29450
343 121 32310
541 85 67932
500 322 133650
649 113 91492
592 141 41791
747 9 7943
351 45 23373
480 274 142035
441 248 59799
29 93 3415
551 36 15045
526 128 39873
230 180 4850
279 380 154362
303 124 43623
333 70 9883
425 372 50859
788 51 63988
774 91 70763
748 120 162936
369 270 161703
61 347 10078
638 176 189981
239 7 2863
401 309 130200
607 193 124865
421 169 4576
231 108 15646
314 82 31712
596 381 125951
523 301 132392
85 362 4419
79 151 6010
299 389 148742
51 341 23870
726 99 37616
222 119 23185
489 349 130624
406 214 8805
766 10 1586
796 84 122750
248 121 10567
798 199 48757
723 97 114396
207 100 20422
350 377 98621
238 199 88023
742 239 57732
505 197 87645
302 114 38818
79 61 4722
556 308 172742
195 305 92668
687 180 57236
768 386 195055
390 287 19244
62 124 9886
652 17 1108
343 122 40636
600 375 190993
65 53 1094
414 208 109185
35 354 23638
254 241 36169
570 208 33414
488 197 14532
383 258 103492
476 62 1568
712 4 1897
791 203 130809
136 220 53603
341 185 14221
53 220 17716
422 73 33716
570 194 15276
255 234 32184
627 216 95562
674 244 244407
337 155 80780
122 145 10465
584 232 268080
747 172 63456
269 225 111929
144 246 23436
612 368 311853
487 222 45730
510 400 306398
743 273 226565
589 210 92215
39 283 4981
395 66 34543
218 364 26590
177 232 3486
308 328 35796
511 139 73911
459 177 148300
641 238 247720
638 133 5988
478 321 252949
72 311 603
114 257 41673
36 74 3448
82 203 27140
751 110 45515
418 220 82065
4 278 913
212 70 13070
771 307 278954
402 336 51075
243 359 112005
317 73 32390
409 108 50251
465 189 103583
752 92 105114
518 61 39897
22 65 2363
454 228 162304
275 198 39111
229 199 70690
455 393 107065
543 262 282977
88 270 3196
107 334 35493
231 237 69558
513 354 305984
117 327 51304
751 332 267947
303 159 57816
465 387 203019
210 393 45531
666 135 135872
442 223 39762
278 281 30583
254 111 7596
321 175 21871
800 244 45100
544 194 197271
114 48 3413
634 112 18263
552 274 257887
14 139 810
138 181 39032
531 10 2612
761 215 36384
428 87 39305
401 86 21000
700 229 269589
82 295 5337
423 128 63340
253 279 24679
124 244 56424
481 381 293102
612 63 26429
175 24 219
200 3 305
400 3 1942
795 302 338663
184 336 90353
20 310 3744
319 162 57362
44 237 3433
755 269 308970
750 32 28964
754 206 204499
124 6 574
428 357 182792
321 352 85662
443 135 30483
459 106 41930
554 376 213251
127 19 3542
696 325 258460
445 274 14232
608 227 64457
347 350 170654
440 329 169043
583 250 188714
132 244 62168
64 303 24289
257 56 4552
612 135 112811
3 30 55
414 26 3577
505 185 27327
354 83 15701
159 122 3717
321 257 70752
386 388 102662
185 4 1108
441 260 47555
321 23 2147
123 25 1930
697 391 313837
745 95 78190
124 400 33922
652 111 15532
260 31 13932
518 369 87459
523 153 131232
30 146 7374
744 18 10796
393 140 56813
22 36 59
429 381 268033
268 104 50041
141 307 17525
136 166 44309
739 235 75311
578 357 249910
323 386 86195
776 330 423568
404 274 124139
456 247 64590
450 275 216174
90 94 2649
530 235 131735
680 322 389721
765 261 291335
465 390 77244
670 312 252409
572 288 142402
139 243 60955
197 298 83774
739 299 27782
364 388 27402
445 118 53108
479 349 270083
631 313 162407
618 330 301310
161 151 21968
441 323 255543
603 13 11405
237 210 8272
518 100 51050
626 15 10509
379 59 24272
366 90 56407
626 272 29015
747 89 114730
408 201 39143
381 194 6749
193 396 55269
247 232 56406
550 302 181497
751 127 21720
140 57 11770
397 22 8887
603 247 255133
274 145 9943
673 153 85454
775 133 123019
799 278 204232
436 76 59055
233 226 57968
130 176 28026
393 267 119532
314 264 123703
725 18 6554
207 291 92218
81 116 16950
604 90 66507
424 89 9072
239 76 2515
286 308 120172
185 389 28972
563 381 266210
644 247 10365
251 171 62861
104 329 31841
501 9 8100
603 165 69282
789 140 79422
4 379 2401
542 216 10164
458 400 146105
501 114 64861
10 310 1483
183 160 44325
725 263 198085
757 315 313016
409 117 70228
550 57 7701
283 60 19319
139 154 40938
254 211 33878
310 311 109171
699 272 201836
133 54 3383
490 378 319993
374 287 108864
219 247 48112
532 348 309049
233 230 3984
711 368 484749
557 173 44475
754 35 12981
264 333 83781
436 17 10634
14 106 2236
159 80 15234
666 250 100760
441 334 66331
273 166 23372
517 28 26663
465 184 126467
224 89 24053
644 305 5417
136 340 64754
482 305 112619
709 63 12130
422 328 42852
733 321 442969
239 145 8080
726 213 45845
380 278 105353
158 101 30073
371 344 240113
467 32 8996
580 113 9925
751 373 40357
552 394 346123
203 326 11679
139 116 25603
688 41 32336
417 372 27285
681 129 3941
185 51 11370
794 118 110055
93 249 17443
497 151 64129
116 303 32132
414 105 29009
232 244 7108
546 83 12444
273 51 8013
677 283 69448
381 68 30498
733 61 65081
715 105 134618
10 202 3798
28 269 604
392 282 15965
232 65 3360
588 210 56834
487 83 13291
406 359 169531
405 292 153834
54 176 4350
173 90 17623
92 51 9088
209 79 31966
181 22 809
657 253 53401
528 392 107638
481 79 31732
485 36 14135
324 40 11746
629 45 52613
147 169 29602
569 260 291693
792 21 18859
387 201 118162
311 57 28032
603 136 69828
304 216 10450
488 253 8405
582 128 123692
519 356 171288
231 102 22973
784 270 233604
236 213 32912
470 199 73604
725 61 66062
785 263 321187
788 119 158007
421 206 58919
537 339 316700
196 9 413
251 191 46275
523 174 136964
207 362 24997
662 31 36355
566 308 187120
29 292 15174
28 231 3948
594 251 239785
612 339 51835
309 86 34863
313 336 128241
67 59 4803
395 217 94814
135 78 5266
377 195 58203
728 176 33548
446 155 3038
281 348 187484
274 111 14198
204 371 53371
143 283 51333
671 302 367981
173 296 34565
388 382 55666
186 358 19485
290 238 64388
238 235 78954
15 67 481
395 340 255783
312 144 53513
667 286 108567
557 156 83712
505 281 116373
173 268 24900
318 5 354
610 295 95711
629 132 114009
402 146 105067
74 140 12343
256 4 1910
8 270 3203
795 378 533170
730 82 1750
465 254 128290
580 123 119334
653 285 97298
515 65 21369
611 19 2851
326 92 15148
380 300 29711
177 307 69400
211 253 1653
800 135 215942
70 199 13367
711 378 113102
604 183 128818
392 297 166506
662 60 11468
278 385 151440
786 316 390099
96 92 1941
380 302 45170
240 301 51336
182 322 81774
728 232 215127
149 388 94373
654 379 187670
24 192 6289
611 70 58069
442 7 4532
572 54 36599
209 33 9566
50 273 21640
25 6 62
150 285 43145
652 34 10956
137 287 8522
270 262 28174
62 73 8299
542 114 30929
585 238 128754
271 46 23851
610 47 26323
449 23 13662
562 172 75064
507 23 1819
790 111 42596
652 380 105277
305 393 145009
731 134 64347
411 270 180564
496 92 20593
214 301 74943
508 350 149061
55 63 92
639 121 125824
7 111 1113
62 362 30664
379 218 16689
319 148 87590
325 110 59596
168 205 34727
408 371 254308
646 78 9977
106 85 16571
537 275 151974
95 281 28374
611 295 23367
658 225 230564
650 143 29063
776 20 9624
371 187 124158
57 147 8182
796 392 300020
284 98 18280
587 234 167758
610 328 152482
695 90 119868
341 300 151992
204 149 5231
118 124 27450
141 94 23012
320 103 12278
422 98 48550
153 334 73151
368 120 47544
9 281 1018
682 175 56433
50 115 10732
441 270 174513
127 387 4496
584 79 34194
476 398 279368
465 371 273013
46 123 482
124 42 1965
788 50 69189
531 284 73019
315 333 111919
799 325 357248
231 4 236
186 187 54378
139 214 36288
594 231 8426
747 276 379005
784 352 475590
493 291 107168
481 21 7107
196 335 12599
424 285 240003
474 115 40978
461 253 182569
527 391 211176
542 137 5724
127 83 14866
587 18 351
689 110 96481
792 191 45749
426 338 80187
696 313 18048
90 386 59058
688 399 517982
224 77 19509
325 218 57089
657 344 20671
16 83 1296
126 371 91370
526 314 27132
498 339 141245
4 186 1173
547 275 24629
405 114 44829
466 337 88117
518 214 94042
706 70 21737
528 85 21811
320 210 32821
669 335 199284
712 32 21840
740 387 264721
632 86 2588
62 90 3229
290 155 70538
594 225 243351
267 82 25272
684 162 117276
734 81 44301
307 301 59989
192 212 57514
368 103 41324
728 334 351345
115 396 58618
464 237 122869
301 31 17573
303 297 163846
422 132 17991
129 18 4347
445 324 218691
295 67 38694
80 34 2556
251 314 85962
460 28 21909
757 91 4597
361 343 71907
589 245 252124
99 218 5251
121 298 17940
272 342 157455
674 188 43954
440 267 175491
307 70 5104
460 129 5992
608 85 2594
145 46 8549
111 186 34201
774 236 8279
321 357 156378
284 180 19014
523 5 4241
428 44 16076
270 351 116409
74 10 849
657 170 127273
82 314 49522
250 24 7948
215 350 145883
749 222 6891
732 105 94198
705 179 202563
66 158 13694
45 28 1100
445 101 89600
573 309 326955
