1600 400
250
1507 52 72008
1386 228 309447
471 70 34499
471 156 2747
243 61 699
1513 42 78843
548 184 188407
510 73 60278
3 16 35
331 122 5508
767 28 2203
86 214 4127
540 236 214020
239 306 1115
1017 149 135011
1333 13 33180
1060 160 8443
90 270 37516
788 224 293875
1238 154 191372
286 72 3720
1336 158 246301
614 297 224232
1513 87 48844
119 255 40370
786 388 562906
1045 199 116121
1488 240 246422
1155 227 282985
437 217 351
593 54 47574
376 189 65091
1172 355 286220
955 267 222966
196 338 32625
1185 275 260170
186 119 214
499 358 303869
1032 264 273500
637 301 180484
1499 45 72939
32 20 597
1123 391 194847
62 97 6710
1439 293 797793
1471 229 343155
1042 367 178595
1211 65 115393
1172 296 581944
559 84 69516
1314 334 533088
522 366 167499
670 240 125785
773 301 331792
294 91 13090
504 362 69074
588 155 19512
694 118 75072
6 89 856
1086 247 165827
465 360 121705
1489 81 156882
883 302 23585
268 274 2753
1301 119 223887
978 174 338276
483 361 215925
707 255 202706
994 212 60124
1481 97 104838
52 114 5865
956 2 2489
1025 84 130414
933 303 506280
1445 355 347010
95 132 15324
659 167 49132
529 73 67986
916 218 181318
1391 99 52056
912 150 242375
344 305 16008
208 81 6396
1173 165 356086
812 9 12589
1274 103 61544
757 313 184248
1000 41 20894
202 108 40248
1567 298 106810
228 361 45503
555 256 126351
834 63 11599
797 388 300411
1415 351 919185
787 24 25537
1490 380 907642
1064 132 223490
1557 285 410122
572 251 126007
37 30 532
451 136 13263
721 170 109002
1423 118 253625
289 284 4623
1515 270 129935
844 112 54802
85 375 20397
470 283 185481
163 7 981
554 43 20233
505 94 43980
1063 366 313549
836 141 232207
548 29 16498
1459 344 643096
745 339 1785
762 23 2021
1359 44 63079
1391 207 90647
826 360 122232
1490 16 45237
1441 230 399114
362 218 4622
1352 365 487963
1025 175 210838
168 71 19252
974 33 12482
154 143 32685
1569 333 971509
1437 310 187282
500 199 132729
808 392 164287
1482 353 1031888
295 104 29524
289 328 37139
1378 48 66841
53 221 14813
1454 375 37915
99 343 37626
501 131 118261
463 183 75792
1191 190 365951
101 23 2515
780 318 243518
1024 158 249957
1394 336 107652
1034 388 118417
707 194 192315
1321 292 597133
172 392 83487
581 6 201
1540 349 339619
842 49 59993
896 29 7462
1453 204 500428
1041 397 535909
725 182 5802
581 88 70551
1211 161 191094
535 332 313730
1589 64 154759
778 355 528015
508 396 302756
1108 91 172192
1530 295 221819
1357 88 191767
1071 364 64132
1172 144 55716
619 106 124752
1556 240 10159
837 180 104255
524 109 22985
1358 216 47325
1393 76 30439
256 5 1214
826 161 228513
592 31 12160
140 354 42719
175 172 49536
674 128 110343
1104 164 278826
1598 287 299351
47 397 27796
43 189 3649
881 397 393147
366 22 11341
690 214 13843
1425 353 653457
655 79 50138
1190 304 52167
1516 207 36483
22 205 3281
236 203 70269
1065 197 203876
1570 277 732142
78 195 23395
699 84 100112
853 261 167814
1009 67 97174
889 57 14891
895 372 295604
969 345 535288
930 180 59530
86 45 1846
983 366 349114
676 43 25716
1591 293 681120
670 346 218796
1254 106 154902
1467 194 205546
384 241 127178
707 9 12322
386 90 61950
1067 176 374242
1192 358 660543
297 234 113665
349 176 97518
884 45 5895
831 50 19320
844 269 140122
66 252 15010
11 110 1646
700 95 112356
769 361 173475
1282 304 715992
1312 152 52081
937 100 133752
854 135 30689
1468 117 56870
139 161 2996
1404 178 474485
461 188 144266
1479 87 190568
586 56 23880
1068 89 176031
1411 153 29065
1140 289 146738
243 342 40437
991 161 45485
93 251 12271
1062 55 62190
1083 67 67423
1116 345 184224
1292 130 99511
1331 349 702643
826 112 141703
1224 51 41559
121 293 43168
705 36 15884
