1200 400
1000
307 52 25000
986 228 335895
71 70 9719
871 156 201179
643 61 38641
713 42 59355
948 184 317943
910 73 109918
3 16 35
331 122 5508
767 28 2203
886 214 205287
540 236 214020
239 306 1115
217 149 1805
933 13 3462
1060 160 8443
90 270 37516
788 224 293875
438 154 76180
286 72 3720
536 158 79453
614 297 224232
313 87 23092
519 255 248450
386 388 288202
245 199 90251
1088 240 184982
1155 227 282985
437 217 351
193 54 1458
376 189 65091
772 355 388460
955 267 222966
596 338 65073
1185 275 260170
186 119 214
99 358 21765
632 264 176348
237 301 14934
299 45 5979
32 20 597
323 391 235511
862 97 99442
1039 293 119791
1071 229 273539
1042 367 178595
811 65 40123
1172 296 581944
159 84 19452
114 334 44112
122 366 6459
1070 240 341785
1173 301 571990
1094 91 104454
504 362 69074
988 155 65392
1094 118 173720
6 89 856
286 247 16639
465 360 121705
1089 81 160122
483 302 44725
268 274 2753
901 119 117977
578 174 107900
483 361 215925
307 255 124166
994 212 60124
281 97 16568
452 114 43257
956 2 2489
625 84 84214
133 303 12996
1045 355 680710
95 132 15324
259 167 52806
529 73 67986
516 218 50518
191 99 11268
912 150 242375
744 305 289288
1008 81 24540
373 165 67996
12 9 205
874 103 131172
357 313 159208
1000 41 20894
1002 108 73944
367 298 140186
228 361 45503
555 256 126351
34 63 3031
1197 388 746611
215 351 80295
387 24 9793
1090 380 41242
264 132 3842
757 285 135382
172 251 61751
837 30 24292
451 136 13263
321 170 37602
223 118 22817
289 284 4623
715 270 267635
44 112 2834
85 375 20397
870 283 400561
163 7 981
554 43 20233
905 94 169000
263 366 136405
836 141 232207
948 29 53618
259 344 39720
345 339 130605
362 23 13061
959 44 27967
591 207 151091
826 360 122232
690 16 17717
241 230 101034
362 218 4622
552 365 394523
1025 175 210838
968 71 3348
974 33 12482
954 143 250617
1169 333 733747
237 310 3142
900 199 252129
8 392 1215
282 353 74552
1095 104 115844
689 328 191955
978 48 17497
453 221 178353
254 375 189415
899 343 206382
501 131 118261
463 183 75792
1191 190 365951
901 23 40143
780 318 243518
224 158 37605
194 336 74052
1034 388 118417
707 194 192315
521 292 163805
572 392 183839
981 6 9501
740 349 102299
442 49 28045
96 29 3750
253 204 21028
241 397 76183
325 182 33102
981 88 108567
411 161 77428
135 332 68050
389 64 39431
378 355 178695
108 396 30308
708 91 80464
730 295 92019
157 88 25623
671 364 447788
1172 144 55716
219 106 32744
756 240 192559
37 180 8495
924 109 129369
158 216 47325
193 76 9463
256 5 1214
426 161 92629
192 31 5216
940 354 127679
975 172 307536
674 128 110343
1104 164 278826
1198 287 474995
847 397 227884
843 189 60349
81 397 15203
366 22 11341
1090 214 399043
1025 353 635807
655 79 50138
390 304 173767
716 207 281571
822 205 139401
236 203 70269
265 197 32486
770 277 183682
78 195 23395
1099 84 107672
53 261 16956
1009 67 97174
89 57 2351
95 372 35204
569 345 357958
530 180 149530
486 45 25786
983 366 349114
1076 43 55300
1191 293 430312
670 346 218796
454 106 39150
667 194 210590
784 241 165738
707 9 12322
786 90 40710
667 176 50402
1192 358 660543
1097 234 53293
749 176 92238
884 45 5895
831 50 19320
44 269 2394
466 252 51298
411 110 55546
700 95 112356
369 361 208853
882 304 514136
112 152 32625
537 100 3752
854 135 30689
268 117 52190
139 161 2996
204 178 293
61 188 17554
279 87 31880
186 56 13352
268 89 38615
1011 153 169825
740 289 181418
643 342 352341
191 161 50315
893 251 122209
662 55 47890
283 67 12215
316 345 112464
492 130 89111
131 349 45825
426 112 46279
424 51 41559
521 293 228344
1105 36 45404
606 80 59975
618 341 292937
408 175 110927
736 91 24952
751 134 24853
821 264 431046
132 241 13261
1194 264 505655
97 337 29547
940 241 381030
1096 398 398221
702 168 227138
314 127 2140
1192 62 60666
15 365 719
72 385 35495
429 68 23343
897 14 11607
167 62 10283
929 201 150125
479 48 43229
59 349 9424
828 262 208962
524 254 240815
309 220 82627
1028 291 72692
762 319 48095
288 15 348
878 181 235457
156 262 34674
75 292 33617
391 350 174418
26 330 9859
235 53 24214
409 313 145628
596 140 123854
271 53 28351
413 293 97619
521 322 43384
1041 78 18365
162 152 33320
531 94 49393
448 119 82334
578 305 119802
562 313 285227
765 60 59806
410 330 76411
1126 295 183463
1057 367 337518
1072 207 136989
548 369 74836
315 99 32909
783 98 29203
733 275 178421
334 36 6240
600 352 243147
1006 314 607869
616 239 22123
70 47 3661
245 318 24279
450 65 13767
405 331 209637
854 266 322082
972 198 96285
643 83 32270
130 283 21192
876 40 49065
1104 255 409415
378 276 82758
418 72 52595
569 121 102782
287 126 28682
104 179 279
1169 350 90964
461 144 107375
589 225 84079
620 301 124408
116 156 31406
1050 86 59401
383 55 24342
386 223 80149
405 110 34218
754 165 241408
169 85 10367
932 146 60221
130 286 49557
410 57 19529
729 172 77861
854 373 329270
854 308 58656
126 245 45571
670 249 217060
139 202 11500
586 322 62684
934 6 3645
626 87 101914
495 97 25678
1063 377 768465
539 31 19406
852 84 54717
20 161 985
1010 382 239025
509 120 38898
524 305 290220
175 391 132217
772 216 40623
853 310 152551
543 125 80978
803 215 324088
636 267 197345
1128 286 103546
264 47 21911
848 155 153887
386 230 152783
597 4 1485
365 375 135321
1019 380 210202
570 122 109078
97 124 18037
806 312 333215
798 191 265820
55 55 5024
942 54 84348
700 39 51409
1114 187 13812
719 151 134269
139 370 17390
572 91 50135
330 139 28858
654 144 64505
844 93 125704
71 148 10494
896 241 233971
1075 92 164170
283 5 2318
598 275 312859
888 365 534460
1157 137 187964
1099 66 102836
669 271 83403
997 314 272711
668 336 109694
1145 31 61608
524 257 174401
245 91 16646
552 288 41408
962 376 467805
93 284 3469
914 135 161270
273 3 374
879 151 135087
778 371 391036
23 315 5112
613 390 405350
493 234 142888
1130 386 537707
842 99 56430
118 192 26982
730 305 97064
111 130 18858
962 208 223796
526 185 38978
777 160 153825
210 372 111174
1099 64 27536
830 394 460105
496 387 302323
842 104 38242
271 385 70911
586 95 23480
903 256 53059
170 333 88272
960 261 499291
464 70 41902
757 320 185277
36 349 8102
52 396 3208
215 37 13373
120 259 51487
330 44 381
621 98 109276
1168 268 396072
1051 379 584712
1141 42 91477
354 350 64280
382 386 119588
1156 37 27016
763 203 16188
378 275 190223
24 156 5738
165 377 99956
64 296 19639
1096 146 41233
787 86 108810
900 391 393455
131 372 75288
511 327 302915
838 242 308647
401 219 56099
1023 242 443241
393 358 193561
1108 374 476100
794 269 155281
58 207 7774
563 306 176120
169 389 78097
961 51 14160
93 88 12763
1027 88 93525
636 311 343118
1152 255 242972
444 114 35489
31 107 4765
963 164 306883
1132 278 28157
891 46 57013
621 158 123911
630 250 51306
480 77 34673
900 264 391655
714 215 93349
85 258 29782
981 240 441840
545 2 1275
267 285 18002
1047 375 341470
615 147 33219
1033 377 625947
1090 56 61017
483 108 52928
89 21 518
1150 57 119495
1171 237 11702
803 381 60625
597 247 31481
269 94 13925
690 260 228891
68 45 2979
896 334 218651
104 368 10934
375 57 13456
812 6 1458
306 328 147742
439 330 37578
125 127 8676
495 347 72481
391 236 153937
82 303 41605
900 351 51010
78 6 842
211 381 89014
316 344 159575
829 250 30418
826 288 62536
355 13 2288
883 59 81978
703 50 39311
1135 83 52905
811 134 14595
821 212 331733
1150 22 7705
335 290 158448
725 318 317197
594 296 34713
393 250 91249
222 332 105103
1197 187 435248
407 121 9960
1024 84 129896
838 56 91979
162 5 688
1066 339 482385
1114 215 438139
610 8 9654
346 353 15307
94 174 7995
1053 123 31175
860 129 196397
1150 304 281392
773 294 54919
159 55 12991
366 321 127485
15 234 3495
1133 43 65071
98 389 43203
512 34 26520
362 286 89258
1198 346 399643
907 247 31272
298 219 90595
897 377 294560
747 294 221394
40 260 11751
346 192 93921
1060 241 15533
526 305 6439
518 266 52548
1031 264 126861
425 322 39899
923 219 301551
465 315 111195
910 214 180051
427 205 55260
977 150 258494
1122 10 4774
854 135 201918
972 204 314984
128 35 8911
380 11 5672
479 85 1452
347 150 69077
144 259 56666
234 238 32462
983 14 9323
628 335 388676
962 389 397623
1151 112 256822
6 239 2608
628 171 39915
819 249 365667
381 195 126756
209 338 55435
202 123 5584
47 258 877
793 85 16784
1101 198 270016
1143 101 611
588 106 53082
820 286 451076
214 304 21820
540 236 84542
568 44 20240
6 197 514
129 195 47851
217 140 15688
1040 40 58885
203 382 61137
230 121 38203
47 92 2240
34 305 2663
669 397 513395
250 164 78166
121 169 19701
515 249 52637
717 65 15646
156 257 14903
993 11 15006
1129 192 284357
571 238 179940
650 271 248837
985 139 22783
755 341 355268
520 61 28888
482 127 40432
191 396 2736
86 151 25272
773 343 28805
640 272 265722
980 394 101592
564 196 126022
452 380 198833
336 286 122949
783 5 5915
950 39 53772
117 229 33817
548 266 13089
36 238 2456
1038 30 26183
679 161 180728
62 324 25603
564 327 307470
308 262 8267
392 244 116704
936 345 90534
759 61 8672
577 209 143353
546 196 93953
809 385 349020
591 263 77138
318 277 25034
641 40 26472
142 299 3474
281 290 26449
376 377 118074
909 288 55958
374 64 29846
904 161 206777
872 169 155737
773 311 260680
883 229 198710
68 69 5187
1179 162 41801
104 394 326
873 369 162108
690 77 57661
1015 2 2717
1053 106 66933
485 129 94728
1054 102 182532
685 184 134448
144 203 18084
842 133 175282
190 237 83775
627 261 228490
192 150 24412
845 316 119734
761 120 32151
1189 157 260829
538 10 4092
950 246 216987
837 389 211235
697 382 31126
670 171 59342
1036 349 580930
971 140 143383
183 184 38658
948 96 10458
570 37 538
1120 126 118239
972 275 25724
158 264 7624
1147 112 7941
172 381 97175
233 216 9083
506 387 348194
480 121 107550
1169 220 476405
1082 389 638709
1199 308 160975
877 79 80085
1152 189 68696
967 135 117847
1163 258 347443
729 90 58915
995 195 349833
601 274 33901
390 194 90264
626 76 41444
99 26 4615
49 55 3482
721 6 6322
409 125 28876
655 87 58423
434 16 11074
780 210 258068
264 362 78901
268 351 80246
891 129 100805
654 179 64711
676 227 164529
377 147 102290
618 107 89934
145 362 45445
1177 347 480020
202 278 55361
269 141 61485
513 8 5665
551 98 97077
967 303 97199
1057 178 131605
353 107 32326
359 276 189794
136 21 1451
1200 349 206805
1031 151 36642
976 371 391382
930 36 51101
786 186 164366
323 304 123868
837 113 25964
330 65 30020
721 375 488447
18 111 3671
77 110 15028
833 293 126920
667 68 82244
1040 149 105847
1021 86 148800
1002 8 15264
934 397 597608
147 278 63740
1066 198 159
564 215 116701
131 291 10160
1150 276 554886
719 142 185977
162 333 19213
489 105 25139
552 307 18298
119 392 51462
950 138 238923
646 355 322280
1116 118 162407
448 200 106329
689 101 71114
327 371 123271
831 133 210852
1084 221 93502
174 324 27824
471 43 18047
1117 192 123248
39 389 3902
711 304 303672
397 351 16595
725 192 142148
129 118 2862
825 148 35402
606 383 164858
492 108 64650
283 131 31814
418 47 33987
689 37 39444
467 347 147175
1162 343 440974
360 268 23893
907 348 86298
977 324 140573
378 130 22764
1152 221 381591
249 55 20313
540 72 65431
222 361 53180
645 379 464096
524 292 291885
1153 251 210130
677 310 165627
766 38 44142
906 15 5091
981 318 271291
1164 166 302202
1076 305 247921
987 79 80451
86 275 43251
1131 398 273134
71 302 13389
30 178 1902
1136 95 175851
118 201 10821
1180 333 651415
863 296 58572
152 172 33245
312 310 10587
337 395 155331
1187 325 466849
1129 348 519632
873 377 133942
126 265 23184
216 382 39840
320 361 22669
246 375 21004
386 126 36719
1134 390 169668
1160 326 223902
260 264 19299
510 192 133086
662 264 321446
543 389 9184
566 204 226315
294 76 8516
2 321 450
357 258 82576
36 191 1061
23 102 3222
757 314 188677
615 375 73817
372 188 72832
905 330 2373
103 48 9872
481 341 265907
324 294 36364
142 250 4133
85 237 32226
321 260 86377
482 216 21530
58 382 14153
1026 353 310976
658 57 70550
630 111 124381
1157 192 245865
512 67 65390
635 208 46327
919 244 390820
594 164 178999
1171 197 288154
12 255 6091
28 80 2283
1032 289 165603
317 70 28002
849 27 23275
521 138 95323
886 324 108131
604 394 468422
207 188 12290
69 110 5434
98 73 2100
60 101 4580
822 284 42908
745 152 177858
426 200 129276
202 320 46565
892 357 567856
942 160 217153
436 319 275244
893 387 96051
746 37 30342
406 96 73286
545 70 15541
124 14 1240
621 391 102157
648 192 234654
364 235 151482
403 329 45413
1188 364 625983
559 56 55330
392 353 203670
697 310 52773
302 54 19850
94 178 21175
885 350 43249
979 150 286492
192 113 15207
113 68 7943
145 7 1630
496 165 152177
385 108 79081
262 4 215
1034 257 479128
628 350 356925
986 386 504979
487 164 65912
178 307 80376
808 19 18755
214 116 11001
735 211 308952
863 147 66711
496 8 6429
886 193 207437
33 372 17123
958 158 181972
184 196 9152
1111 325 677510
150 333 75681
809 146 176060
673 33 25760
654 95 108936
295 190 7563
1139 227 26525
591 260 298639
793 17 10854
933 152 89239
436 62 17067
197 211 3525
329 171 67473
624 44 26793
233 249 94805
388 143 105397
502 33 32407
761 224 33978
239 216 96138
978 300 55713
712 287 130542
1170 84 5377
1113 364 187803
401 188 58526
121 372 69711
287 360 78477
195 13 770
730 373 474025
1075 163 102620
637 340 204952
301 203 103592
827 173 180441
315 85 27007
773 85 91906
827 157 128383
281 43 6480
277 190 27231
258 119 10239
462 393 128954
834 181 51057
1105 82 174520
14 108 2992
1007 22 24232
315 346 111736
962 372 278484
428 204 114766
158 81 3935
1148 290 491505
62 352 12330
739 337 276692
908 241 53583
927 206 284122
622 364 68623
401 278 78561
1016 39 16188
539 19 1708
104 176 29960
611 75 63257
35 136 3048
1004 27 35288
554 134 94784
184 212 66534
1074 33 52897
784 33 29799
792 200 100925
372 338 92991
507 393 334220
274 203 2584
1130 190 50632
290 345 183858
985 50 73143
1073 186 221474
566 59 60610
470 394 338682
956 386 46665
1081 309 360048
423 367 74624
693 192 149149
636 121 18818
667 362 466226
676 147 66460
18 19 493
323 184 38007
660 205 228832
581 313 243997
253 193 1821
1062 167 327147
216 59 25042
724 247 70203
221 113 18402
766 341 324806
1009 358 168872
989 233 301413
227 92 30108
1059 225 71590
1027 77 4968
856 339 497242
202 106 12781
188 29 827
246 201 74007
665 166 145571
383 375 143271
470 163 95233
293 342 163036
320 200 115320
659 378 181593
342 385 255547
991 187 146910
899 374 314148
205 171 39832
