2000 2000
500
1107 452 884240
1386 1828 2482695
1271 70 87559
71 156 13043
1043 861 540873
713 1242 923511
1348 184 437175
510 1273 69458
3 1616 5603
331 922 257068
1567 28 63411
486 1414 163639
1340 1036 1142820
1039 1106 735687
1817 149 419899
533 1213 1205728
1460 560 1170043
890 1070 1302116
1588 1424 1243379
438 1754 1423468
1086 1672 1155816
536 158 79453
1814 1497 534216
1513 887 2206382
1719 1055 296150
786 1588 217066
1445 1399 2276591
288 640 154262
755 227 74145
837 1017 1271165
193 454 130382
1576 989 2862131
372 1155 240900
555 667 203856
196 738 11457
1985 1875 4562170
986 1319 2238842
899 1958 3059789
232 1064 263388
637 1901 1041708
1499 445 342759
32 20 597
723 391 46267
1262 1297 1567502
1039 1493 477207
1871 1829 1680009
642 1167 150979
811 65 40123
1972 296 30200
1359 1284 300900
114 1134 216936
1322 1166 151675
1870 240 197785
1573 1501 360972
294 891 290626
104 762 95666
1788 1755 3827592
1494 918 2535160
806 889 695292
1886 247 559051
865 360 107305
289 1681 924008
83 1902 311065
268 1474 314705
101 119 405
1778 574 1960012
1283 361 157443
307 1855 231616
1394 1012 1097708
1481 897 1630268
852 114 121689
1356 402 365817
1025 484 794614
933 1103 1278804
1045 1555 1683910
1695 1332 1282764
1459 967 1450304
1329 1273 2750284
116 1018 144598
1791 499 600678
1712 1350 2171975
344 705 415048
1008 81 24540
1573 1365 3001036
1612 409 615741
474 103 13340
1557 1913 3232966
1000 1241 650894
1002 1708 1933656
367 1498 640774
628 1561 1789935
1355 256 318351
834 1263 1307635
797 1188 1875283
215 1151 197255
1187 1624 67537
1490 1180 967242
1464 532 683138
357 1885 637282
972 251 433231
437 1230 20512
1251 936 995167
1121 1770 560982
1423 918 1528633
1089 1484 961975
1515 670 1887335
44 512 1426
485 1975 115647
870 683 790321
963 7 6693
554 443 459001
1705 1694 2567540
1463 1166 78221
836 941 1499583
1748 29 75890
1459 1544 876536
1145 1939 1900795
362 423 258497
1759 1644 4407583
1391 607 1581799
1626 1160 1517112
1090 1216 2364277
1841 1030 2299534
362 218 4622
152 1965 338123
1425 1775 3664588
1368 1271 2139316
174 1633 498458
954 1743 2477253
769 1133 1600329
237 1110 225922
500 199 132729
808 392 164287
282 753 226832
695 904 492244
1489 328 823683
178 48 14425
453 221 178353
1854 1175 4125415
899 1943 1173706
901 531 509635
63 1383 14274
791 190 264491
901 823 733913
1580 1518 316238
224 1358 447077
994 1536 2556420
1034 1988 3245233
707 194 192315
121 1092 199605
1372 1992 3921951
1381 406 49733
1940 1549 766339
1242 449 787057
1296 29 20454
253 604 211284
241 1597 589031
1925 982 2245102
181 1688 391079
1611 161 105442
1335 1532 1373050
1589 1264 2086983
1578 1555 1363335
108 796 40676
1108 91 172192
330 695 246419
557 1288 1330359
671 1564 1634116
772 1744 2521636
1419 1706 255356
1156 1040 629679
1237 980 1795975
1724 909 2674281
1758 1016 3339069
593 476 323207
1456 805 2343134
1626 1361 2633941
1392 31 11168
140 1154 305919
575 572 481736
1874 1728 3798791
704 964 811690
798 687 614939
447 797 435942
1243 1389 952171
481 1197 700877
766 822 275341
690 214 13843
1825 353 1006457
1055 1279 2223318
1990 1504 5488647
316 207 5019
1622 1005 313581
1836 1803 830429
1065 1397 847136
770 1877 684182
1278 995 472315
1499 1684 3321752
453 1861 352578
209 1267 429122
889 1257 590963
1295 1572 3180764
1369 1545 957088
130 1380 18730
1686 445 530746
983 1566 997894
1476 843 563612
791 693 653782
670 1146 374236
1254 1706 2296734
1467 594 1379146
1184 241 111754
1107 1609 2263942
386 90 61950
1467 1776 2894242
1592 758 1738623
297 234 113665
349 1376 812270
84 45 6615
31 1650 61920
1244 1469 2520290
66 652 47746
811 110 36406
1100 495 835356
769 1961 3015699
882 1904 1784216
912 552 22897
137 900 241352
54 1335 12329
1468 1717 623518
939 961 1055592
1004 1378 979093
1661 188 170586
279 1287 534080
986 56 69576
1468 1289 998655
1411 553 1044985
1940 689 264058
1843 742 657329
1791 561 738491
93 1851 272485
1862 855 1377630
283 867 481429
1516 1145 1630024
892 130 147351
931 1949 1409167
1226 1712 4092359
424 1651 1014215
521 1493 1101540
305 1636 93924
1806 80 216455
618 1941 123605
808 575 874127
1536 91 71544
1551 1334 2754773
1621 264 586278
1332 1841 2545741
1594 264 232151
897 1137 1346233
940 1441 168590
1896 1598 739533
702 568 698882
714 1727 1705276
1592 1262 2885018
1615 1165 622519
472 785 174055
1629 468 1477263
497 414 179691
1367 1662 3548659
1729 601 382497
79 848 117405
859 1549 1916436
1228 262 483538
524 1854 905247
1909 1820 6463227
628 291 191420
1962 1919 2746211
1488 415 1194588
1278 1781 3085213
556 1862 1955922
1275 292 471617
1591 1150 2847018
826 730 120419
1435 1253 2714974
9 1513 8790
1396 140 105934
271 453 231059
1613 293 901611
1721 1922 897604
1841 478 309269
562 1752 1737128
131 1694 49881
1248 519 538974
978 305 199102
562 313 285227
1965 60 43606
10 330 3811
326 295 178743
1057 367 337518
272 207 77373
1348 769 1899564
715 899 954709
1583 498 773491
1533 1475 485221
734 36 8112
1800 352 243147
1006 714 225589
1016 1039 848347
1670 447 1309961
245 718 134039
1650 65 169767
805 1131 481257
1654 1066 1275602
1372 598 1105645
1043 1683 2937818
1730 1483 340112
476 840 586665
1904 1855 5183015
1978 1876 4727286
418 472 106099
1769 121 219426
1887 926 1291886
904 579 1015335
769 1950 2693864
461 1344 417167
189 1425 178129
620 1901 4128
116 156 31406
650 486 142201
1983 1255 4122142
386 1023 235321
1205 910 1702718
1154 165 315328
169 1285 326397
132 1746 306653
130 286 49557
1610 1257 365309
1929 1372 533885
454 373 324794
854 708 639376
1726 1445 4917771
1070 649 91700
1339 1802 3701900
186 322 116780
1334 806 735709
1826 1287 4039462
95 897 50608
263 1177 356647
939 1631 809888
452 484 177853
1220 561 1061505
1010 1982 2768065
1709 1320 235698
924 1505 99700
1775 1191 1534067
372 1016 681903
1253 1110 2111971
1743 1725 5768978
1603 1015 1990558
1836 1467 638993
1128 686 527674
1864 47 37703
1248 1755 3806527
786 1030 1009503
997 804 910173
365 1175 135321
1019 780 821602
570 522 576478
1297 124 300509
6 312 2495
1198 1791 2759984
1655 1655 820224
1742 1254 2698452
1500 39 90409
1114 1387 1130040
1919 1751 3750697
1739 770 1028230
1372 1691 998943
730 1339 886678
1454 1344 2256185
1644 893 2176864
871 548 806094
496 641 422483
1875 492 1280970
283 1605 138158
198 1875 605459
1288 1965 3771580
1157 1337 2525104
1899 66 46076
1469 1871 4621861
997 1514 1804103
668 736 857854
345 1231 203608
924 1457 1564977
245 91 16646
952 288 27584
1762 1576 1784701
1693 1084 987021
1314 1335 2134970
273 803 121586
1279 151 147771
1178 1171 2231284
1623 1515 4141062
1413 790 718790
1693 1034 1191904
1930 1986 4112067
42 99 3366
118 1792 419686
1530 1105 3245064
1711 1730 4878718
1762 1008 1608372
1326 185 309078
1977 160 209505
210 1572 514374
1899 1264 1310288
30 1194 11425
96 1587 237523
442 1704 1241314
1871 1585 1248921
986 1295 886660
903 1056 284227
970 733 399232
560 1061 515611
1664 1270 3540142
1557 1520 1716637
836 1549 56230
452 1996 1568616
1815 437 1346023
1320 659 1304287
1930 1644 3537261
621 898 310480
1968 1868 4836264
1851 779 1338538
1541 442 1006477
1154 350 249080
382 1186 489364
1156 1637 3381728
1163 1803 1170170
1578 1475 3893423
1224 1756 2537258
165 377 99956
864 696 695479
296 546 14225
787 86 108810
900 1591 530255
531 1972 1853784
1711 1127 2983803
1238 642 1219303
1201 219 331163
1823 1442 2954669
793 1958 1029837
308 1174 29236
394 1469 220721
1258 607 708266
563 1506 459872
569 389 359733
1761 451 1423182
1293 1688 1719115
627 888 874437
1436 711 1812014
352 1855 393052
1644 514 1379585
1631 907 1219027
163 164 1515
1132 1078 1934445
1691 1646 3775617
221 1758 744527
230 1050 135306
880 1677 2722193
100 1464 214055
1114 1815 394729
85 1458 120562
581 1440 585840
545 1602 49235
1467 1085 1895132
247 775 98920
1415 1347 472269
1033 1577 582561
690 456 58137
883 908 1487272
489 21 6776
1950 457 792995
1571 1037 1884372
803 1581 1689109
197 1047 124925
669 1294 941449
1490 1060 105291
68 445 4339
1696 1134 626331
1704 368 1123766
1175 857 1938156
812 806 556866
1906 728 2633534
439 1530 906798
925 1727 837176
495 747 599161
1191 236 391353
882 303 156745
500 351 331810
1278 406 577418
