2000 400
250
1107 52 25208
1386 228 309447
1271 70 87559
71 156 13043
1043 61 102813
713 42 59355
1348 184 437175
510 73 60278
3 16 35
331 122 5508
1567 28 63411
486 214 39223
1340 236 242340
1039 306 45791
1817 149 419899
533 13 10742
1460 160 2043
890 270 269716
1588 224 125427
438 154 76180
1086 72 148008
536 158 79453
1814 297 741012
1513 87 48844
1719 255 210200
786 388 562906
1445 199 470341
288 240 62102
755 227 74145
837 217 77603
193 54 1458
1576 189 334227
372 355 36300
555 267 116166
196 338 32625
1985 275 889920
986 119 2594
899 358 316041
232 264 36956
637 301 180484
1499 45 72939
32 20 597
723 391 46267
1262 97 20290
1039 293 119791
1871 229 759477
642 367 388519
811 65 40123
1972 296 30200
1359 84 7356
114 334 44112
1322 366 331467
1870 240 197785
1573 301 716470
294 91 13090
104 362 74866
1788 155 287352
1494 118 120856
806 89 140764
1886 247 559051
865 360 107305
289 81 44292
83 302 20565
268 274 2753
101 119 405
1778 174 459380
1283 361 157443
307 255 124166
1394 212 317068
1481 97 104838
852 114 121689
1356 2 2409
1025 84 130414
933 303 506280
1045 355 680710
1695 132 428484
1459 167 178056
1329 73 177340
116 218 1686
1791 99 174420
1712 150 117575
344 305 16008
1008 81 24540
1573 165 405586
1612 9 22525
474 103 13340
1557 313 206158
1000 41 20894
1002 108 73944
367 298 140186
628 361 140807
1355 256 318351
834 63 11599
797 388 300411
215 351 80295
1187 24 10561
1490 380 907642
1464 132 3842
357 285 155332
972 251 433231
437 30 20512
1251 136 214543
1121 170 314362
1423 118 253625
1089 284 73351
1515 270 129935
44 112 2834
485 375 42897
870 283 400561
963 7 6693
554 43 20233
1705 94 146440
1463 366 628309
836 141 232207
1748 29 75890
1459 344 643096
1145 339 215355
362 23 13061
1759 44 129695
1391 207 90647
1626 360 866712
1090 16 27317
1841 230 311254
362 218 4622
152 365 102523
1425 175 315838
1368 71 114676
174 33 8126
954 143 250617
769 333 117697
237 310 3142
500 199 132729
808 392 164287
282 353 74552
695 104 91924
1489 328 823683
178 48 14425
453 221 178353
1854 375 417415
899 343 206382
901 131 167255
63 183 3690
791 190 264491
901 23 40143
1580 318 752318
224 158 37605
994 336 75396
1034 388 118417
707 194 192315
121 292 19557
1372 392 826719
1381 6 5541
1940 349 479219
1242 49 113893
1296 29 20454
253 204 21028
241 397 76183
1925 182 196902
181 88 20391
1611 161 105442
1335 332 187570
1589 64 154759
1578 355 1047735
108 396 30308
1108 91 172192
330 295 97919
557 88 38119
671 364 447788
772 144 100644
1419 106 181568
1156 240 259759
1237 180 212615
1724 109 229649
1758 216 104349
593 76 5359
1456 5 13534
1626 161 399817
1392 31 11168
140 354 42719
575 172 118336
1874 128 440583
704 164 682
798 287 140927
447 397 45264
1243 189 131791
481 397 89045
766 22 5709
690 214 13843
1825 353 1006457
1055 79 125978
1990 304 1031047
316 207 5019
1622 205 492001
1836 203 224549
1065 197 203876
770 277 183682
1278 195 421195
1499 84 191840
453 261 81684
209 67 25752
889 57 14891
1295 372 414644
1369 345 382108
130 180 34330
1686 45 142966
983 366 349114
1476 43 32252
791 293 413318
670 346 218796
1254 106 154902
1467 194 205546
1184 241 111754
1107 9 5662
386 90 61950
1467 176 171490
1592 358 700639
297 234 113665
349 176 97518
84 45 6615
31 50 3020
1244 269 400514
66 252 15010
811 110 36406
1100 95 131356
769 361 173475
882 304 514136
912 152 37489
137 100 22152
54 135 12329
1468 117 56870
939 161 24570
1004 178 272277
1661 188 170586
279 87 31880
986 56 69576
1468 89 205935
1411 153 29065
1940 289 574458
1843 342 1217601
1791 161 473423
93 251 12271
1862 55 111470
283 67 12215
1516 345 250464
892 130 147351
931 349 345965
1226 112 12231
424 51 41559
521 293 228344
305 36 3644
