2000 1200
250
1107 52 25208
1386 1028 586647
1271 470 595959
71 156 13043
1043 861 540873
713 842 344555
1348 984 1084215
510 73 60278
3 416 2051
331 122 5508
1567 428 614995
486 214 39223
1340 636 1046340
1039 306 45791
1817 949 910489
533 813 274044
1460 560 1170043
890 270 269716
1588 624 1192563
438 954 300436
1086 872 408648
536 558 368893
1814 1097 936924
1513 487 1422648
1719 1055 296150
786 788 644650
1445 999 2077181
288 240 62102
755 1027 142095
837 617 884471
193 54 1458
1576 589 25331
372 355 36300
555 667 203856
196 338 32625
1985 1075 3569670
986 119 2594
899 358 316041
232 664 18396
637 1101 1316892
1499 445 342759
32 820 15957
723 391 46267
1262 497 451894
1039 1093 225769
1871 229 759477
642 767 502795
811 865 234763
1972 296 30200
1359 884 2040420
114 334 44112
1322 366 331467
1870 1040 2591385
1573 701 1767234
294 891 290626
104 762 95666
1788 955 412512
1494 918 2535160
806 889 695292
1886 1047 3256031
865 1160 799305
289 81 44292
83 302 20565
268 274 2753
101 519 24443
1778 174 459380
1283 1161 1904889
307 1055 4436
1394 212 317068
1481 497 1313334
852 114 121689
1356 2 2409
1025 484 794614
933 1103 1278804
1045 1155 952410
1695 532 1513284
1459 167 178056
1329 473 203920
116 618 137638
1791 899 220986
1712 150 117575
344 1105 604248
1008 881 959964
1573 165 405586
1612 9 22525
474 103 13340
1557 713 2043418
1000 41 20894
1002 908 410616
367 1098 219458
628 1161 547751
1355 1056 58191
834 863 100003
797 388 300411
215 751 241115
1187 424 200481
1490 780 1503642
1464 932 1069634
357 1085 365962
972 251 433231
437 830 693492
1251 536 1275391
1121 570 897282
1423 918 1528633
1089 284 73351
1515 670 1887335
44 912 7058
485 1175 552147
870 1083 59521
963 407 147291
554 43 20233
1705 494 364680
1463 1166 78221
836 541 661911
1748 829 789074
1459 344 643096
1145 739 1550425
362 823 70257
1759 844 1987199
1391 1007 616445
1626 360 866712
1090 416 131957
1841 1030 2299534
362 1018 123358
152 765 87323
1425 175 315838
1368 871 445732
174 33 8126
954 143 250617
769 733 182293
237 710 315982
500 199 132729
808 792 435775
282 1153 111212
695 504 414404
1489 328 823683
178 448 82777
453 221 178353
1854 1175 4125415
899 1143 535416
901 531 509635
63 583 6588
791 590 375231
901 23 40143
1580 1118 979838
224 958 232037
994 736 966020
1034 1188 1789361
707 594 113131
121 292 19557
1372 792 2012127
1381 406 49733
1940 749 1907059
1242 449 787057
1296 29 20454
253 604 211284
241 797 152821
1925 982 2245102
181 488 78311
1611 161 105442
1335 732 443890
1589 864 1273415
1578 755 1063515
108 1196 7844
1108 91 172192
330 695 246419
557 88 38119
671 764 442420
772 544 199460
1419 106 181568
1156 240 259759
1237 980 1795975
1724 509 867529
1758 616 470013
593 476 323207
1456 5 13534
1626 161 399817
1392 831 258944
140 1154 305919
575 172 118336
1874 928 1520007
704 964 811690
798 687 614939
447 1197 1044756
1243 189 131791
481 797 160233
766 22 5709
690 214 13843
1825 1153 345807
1055 79 125978
1990 1104 3514567
316 1007 521995
1622 1005 313581
1836 1003 1572173
1065 997 649046
770 1077 246822
1278 595 919615
1499 484 251800
453 661 474888
209 467 137358
889 857 1108361
1295 372 414644
1369 345 382108
130 580 138330
1686 845 2537086
983 766 616490
1476 843 563612
791 1093 503492
670 1146 374236
1254 106 154902
1467 194 205546
1184 641 426698
1107 9 5662
386 890 254950
1467 176 171490
1592 1158 1006303
297 1034 363145
349 176 97518
84 845 83895
31 450 24720
1244 269 400514
66 1052 57778
811 910 279706
1100 495 835356
769 1161 1697633
882 304 514136
912 552 22897
137 100 22152
54 135 12329
1468 117 56870
939 161 24570
1004 978 1071461
1661 188 170586
279 887 464888
986 56 69576
1468 89 205935
1411 553 1044985
1940 1089 2561018
1843 742 657329
1791 161 473423
93 651 7435
1862 855 1377630
283 67 12215
1516 345 250464
892 530 807431
931 1149 584301
1226 112 12231
424 851 17815
521 293 228344
305 836 50004
