2000 400
500
1107 52 25208
1386 228 309447
1271 70 87559
71 156 13043
1043 61 102813
713 42 59355
1348 184 437175
510 73 60278
3 16 35
331 122 5508
1567 28 63411
486 214 39223
1340 236 242340
1039 306 45791
1817 149 419899
533 13 10742
1460 160 2043
890 270 269716
1588 224 125427
438 154 76180
1086 72 148008
536 158 79453
1814 297 741012
1513 87 48844
1719 255 210200
786 388 562906
1445 199 470341
288 240 62102
755 227 74145
837 217 77603
193 54 1458
1576 189 334227
372 355 36300
555 267 116166
196 338 32625
1985 275 889920
986 119 2594
899 358 316041
232 264 36956
637 301 180484
1499 45 72939
32 20 597
723 391 46267
1262 97 20290
1039 293 119791
1871 229 759477
642 367 388519
811 65 40123
1972 296 30200
1359 84 7356
114 334 44112
1322 366 331467
1870 240 197785
1573 301 716470
294 91 13090
104 362 74866
1788 155 287352
1494 118 120856
806 89 140764
1886 247 559051
865 360 107305
289 81 44292
83 302 20565
268 274 2753
101 119 405
1778 174 459380
1283 361 157443
307 255 124166
1394 212 317068
1481 97 104838
852 114 121689
1356 2 2409
1025 84 130414
933 303 506280
1045 355 680710
1695 132 428484
1459 167 178056
1329 73 177340
116 218 1686
1791 99 174420
1712 150 117575
344 305 16008
1008 81 24540
1573 165 405586
1612 9 22525
474 103 13340
1557 313 206158
1000 41 20894
1002 108 73944
367 298 140186
628 361 140807
1355 256 318351
834 63 11599
797 388 300411
215 351 80295
1187 24 10561
1490 380 907642
1464 132 3842
357 285 155332
972 251 433231
437 30 20512
1251 136 214543
1121 170 314362
1423 118 253625
1089 284 73351
1515 270 129935
44 112 2834
485 375 42897
870 283 400561
963 7 6693
554 43 20233
1705 94 146440
1463 366 628309
836 141 232207
1748 29 75890
1459 344 643096
1145 339 215355
362 23 13061
1759 44 129695
1391 207 90647
1626 360 866712
1090 16 27317
1841 230 311254
362 218 4622
152 365 102523
1425 175 315838
1368 71 114676
174 33 8126
954 143 250617
769 333 117697
237 310 3142
500 199 132729
808 392 164287
282 353 74552
695 104 91924
1489 328 823683
178 48 14425
453 221 178353
1854 375 417415
899 343 206382
901 131 167255
63 183 3690
791 190 264491
901 23 40143
1580 318 752318
224 158 37605
994 336 75396
1034 388 118417
707 194 192315
121 292 19557
1372 392 826719
1381 6 5541
1940 349 479219
1242 49 113893
1296 29 20454
253 204 21028
241 397 76183
1925 182 196902
181 88 20391
1611 161 105442
1335 332 187570
1589 64 154759
1578 355 1047735
108 396 30308
1108 91 172192
330 295 97919
557 88 38119
671 364 447788
772 144 100644
1419 106 181568
1156 240 259759
1237 180 212615
1724 109 229649
1758 216 104349
593 76 5359
1456 5 13534
1626 161 399817
1392 31 11168
140 354 42719
575 172 118336
1874 128 440583
704 164 682
798 287 140927
447 397 45264
1243 189 131791
481 397 89045
766 22 5709
690 214 13843
1825 353 1006457
1055 79 125978
1990 304 1031047
316 207 5019
1622 205 492001
1836 203 224549
1065 197 203876
770 277 183682
1278 195 421195
1499 84 191840
453 261 81684
209 67 25752
889 57 14891
1295 372 414644
1369 345 382108
130 180 34330
1686 45 142966
983 366 349114
1476 43 32252
791 293 413318
670 346 218796
1254 106 154902
1467 194 205546
1184 241 111754
1107 9 5662
386 90 61950
1467 176 171490
1592 358 700639
297 234 113665
349 176 97518
84 45 6615
31 50 3020
1244 269 400514
66 252 15010
811 110 36406
1100 95 131356
769 361 173475
882 304 514136
912 152 37489
137 100 22152
54 135 12329
1468 117 56870
939 161 24570
1004 178 272277
1661 188 170586
279 87 31880
986 56 69576
1468 89 205935
1411 153 29065
1940 289 574458
1843 342 1217601
1791 161 473423
93 251 12271
1862 55 111470
283 67 12215
1516 345 250464
892 130 147351
931 349 345965
1226 112 12231
424 51 41559
521 293 228344
305 36 3644
1806 80 216455
618 341 292937
808 175 66127
1536 91 71544
1551 134 197
1621 264 586278
1332 241 609013
1594 264 232151
897 337 574813
940 241 381030
1896 398 1073229
702 168 227138
714 127 17380
1592 62 13050
1615 365 913219
472 385 103255
1629 68 43743
497 14 10711
1367 62 142095
1729 201 313337
79 48 6173
859 349 366800
1228 262 483538
524 254 240815
1909 220 812587
628 291 191420
1962 319 894083
1488 15 19068
1278 181 130477
556 262 112226
1275 292 471617
1591 350 619618
826 330 384739
1435 53 109014
9 313 2274
1396 140 105934
271 53 28351
1613 293 901611
1721 322 264276
1841 78 66257
562 152 127560
131 94 16869
1248 119 74718
978 305 199102
562 313 285227
1965 60 43606
10 330 3811
326 295 178743
1057 367 337518
272 207 77373
1348 369 877780
715 99 43799
1583 98 165619
1533 275 101971
734 36 8112
1800 352 243147
1006 314 607869
1016 239 358635
1670 47 74161
245 318 24279
1650 65 169767
805 331 73927
1654 266 481682
1372 198 441597
1043 83 730
1730 283 111752
476 40 15465
1904 255 327815
1978 276 692166
418 72 52595
1769 121 219426
1887 126 137042
904 179 31783
769 350 233064
461 144 107375
189 225 64729
620 301 124408
116 156 31406
650 86 111001
1983 55 215632
386 223 80149
1205 110 63918
1154 165 315328
169 85 10367
132 146 14669
130 286 49557
1610 57 114149
1929 172 163517
454 373 324794
854 308 58656
1726 245 361131
1070 249 147340
1339 202 525792
186 322 116780
1334 6 4677
1826 87 95302
95 97 9188
263 377 31053
939 31 54932
452 84 33213
1220 161 7425
1010 382 239025
1709 120 235698
924 305 182860
1775 391 1207467
372 216 158127
1253 310 357771
1743 125 104228
1603 215 467708
1836 267 165305
1128 286 103546
1864 47 37703
1248 155 127
786 230 66303
997 4 909
365 375 135321
1019 380 210202
570 122 109078
1297 124 300509
6 312 2495
1198 191 232204
1655 55 58924
1742 54 1836
1500 39 90409
1114 187 13812
1919 151 127625
1739 370 958670
1372 91 170255
730 139 128938
1454 144 162425
1644 93 13360
871 148 60518
496 241 164563
1875 92 200970
283 5 2318
198 275 80759
1288 365 242460
1157 137 187964
1899 66 46076
1469 271 734887
997 314 272711
668 336 109694
345 31 20068
924 257 219633
245 91 16646
952 288 27584
1762 376 967133
1693 284 865125
1314 135 321650
273 3 374
1279 151 147771
1178 371 266380
1623 315 51102
1413 390 125330
1693 234 623056
1930 386 43627
42 99 3366
118 192 26982
1530 305 322764
1711 130 53698
1762 208 424308
1326 185 309078
1977 160 209505
210 372 111174
1899 64 216464
30 394 10945
96 387 17491
442 104 17858
1871 385 1005691
986 95 48560
903 256 53059
970 333 308052
560 261 290491
1664 70 212142
1557 320 969277
836 349 111406
452 396 107752
1815 37 17443
1320 259 113647
1930 44 78701
621 98 109276
1968 268 113064
1851 379 301978
1541 42 118861
1154 350 249080
382 386 119588
1156 37 27016
1163 203 400264
1578 275 579623
1224 156 20714
165 377 99956
864 296 474295
296 146 24881
787 86 108810
900 391 393455
531 372 294768
1711 327 934025
1238 242 159575
1201 219 331163
1823 242 759777
793 358 211461
308 374 3364
394 269 22933
1258 207 122038
563 306 176120
569 389 359733
1761 51 172872
1293 88 43387
627 88 71877
1436 311 427710
352 255 79772
1644 114 136721
1631 107 344811
163 164 1515
1132 278 28157
1691 46 8069
221 158 37327
230 250 66306
880 77 34673
100 264 22055
1114 215 261049
85 258 29782
581 240 28080
545 2 1275
1467 285 178742
247 375 135970
1415 147 81729
1033 377 625947
690 56 13977
883 108 187496
489 21 6776
1950 57 165095
1571 237 156272
803 381 60625
197 247 53217
669 94 42313
1490 260 462891
68 45 2979
1696 334 90395
1704 368 1123766
1175 57 107506
812 6 1458
1906 328 925758
439 330 37578
925 127 211876
495 347 72481
1191 236 391353
882 303 156745
500 351 331810
1278 6 4874
