1200 800
500
307 52 25000
986 628 1045815
71 470 31019
871 556 431123
643 461 137663
713 42 59355
948 184 317943
910 473 455718
3 416 2051
331 522 69060
767 428 180147
886 214 205287
540 236 214020
239 706 183711
217 149 1805
933 413 158340
1060 160 8443
90 670 33916
788 224 293875
438 554 105964
286 72 3720
536 158 79453
614 697 418256
313 487 77554
519 255 248450
386 788 427162
245 599 56441
1088 240 184982
1155 227 282985
437 217 351
193 54 1458
376 589 430563
772 755 465660
955 667 624066
596 338 65073
1185 675 615670
186 119 214
99 358 21765
632 264 176348
237 701 105942
299 45 5979
32 420 15957
323 791 344039
862 497 173574
1039 693 574873
1071 629 1066079
1042 367 178595
811 65 40123
1172 296 581944
159 484 104676
114 734 135312
122 766 60627
1070 640 1368985
1173 701 288124
1094 91 104454
504 762 302930
988 555 559392
1094 518 488792
6 89 856
286 647 57823
465 360 121705
1089 81 160122
483 302 44725
268 274 2753
901 119 117977
578 174 107900
483 761 90345
307 655 28996
994 212 60124
281 497 107612
452 514 115577
956 402 709929
625 484 504214
133 303 12996
1045 355 680710
95 532 55604
259 567 275546
529 473 217164
516 218 50518
191 99 11268
912 150 242375
744 305 289288
1008 81 24540
373 565 329096
12 409 3877
874 503 513984
357 713 490504
1000 441 110894
1002 108 73944
367 698 333962
228 361 45503
555 256 126351
34 463 7995
1197 388 746611
215 751 241115
387 424 232705
1090 380 41242
264 132 3842
757 685 559302
172 651 159103
837 430 225172
451 536 164799
321 570 262302
223 118 22817
289 284 4623
715 270 267635
44 512 1426
85 775 130897
870 283 400561
163 407 95195
554 443 459001
905 94 169000
263 366 136405
836 541 661911
948 29 53618
259 744 56296
345 339 130605
362 423 258497
959 444 787495
591 607 666443
826 360 122232
690 416 481397
241 230 101034
362 618 158110
552 365 394523
1025 575 262088
968 71 3348
974 33 12482
954 143 250617
1169 733 446173
237 310 3142
900 199 252129
8 392 1215
282 753 226832
1095 504 308564
689 728 4547
978 448 518233
453 621 501795
254 775 49715
899 743 404162
501 131 118261
463 183 75792
1191 190 365951
901 423 566327
780 718 418238
224 558 233829
194 336 74052
1034 388 118417
707 594 113131
521 692 201317
572 392 183839
981 406 582405
740 349 102299
442 449 185397
96 429 33702
253 204 21028
241 797 152821
325 582 248902
981 488 108567
411 561 310876
135 732 48610
389 64 39431
378 355 178695
108 396 30308
708 491 430216
730 695 413219
157 488 13063
671 764 442420
1172 544 543268
219 506 125600
756 240 192559
37 580 17375
924 109 129369
158 616 100413
193 476 162319
256 405 26814
426 161 92629
192 431 80480
940 354 127679
975 172 307536
674 128 110343
1104 164 278826
1198 687 532499
847 797 863134
843 589 695971
81 397 15203
366 422 235333
1090 214 399043
1025 353 635807
655 79 50138
390 304 173767
716 607 49587
822 605 484641
236 203 70269
265 597 278936
770 677 71262
78 595 84235
1099 484 415392
53 661 59780
1009 67 97174
89 457 75865
95 372 35204
569 745 813158
530 180 149530
486 445 103546
983 766 616490
1076 43 55300
1191 293 430312
670 346 218796
454 106 39150
667 194 210590
784 641 570282
707 9 12322
786 490 40710
667 576 712066
1192 758 40703
1097 634 325349
749 176 92238
884 45 5895
831 50 19320
44 269 2394
466 652 334626
411 110 55546
700 495 637356
369 761 23615
882 704 1022168
112 552 93553
537 100 3752
854 535 474769
268 117 52190
139 161 2996
204 578 77813
61 588 40002
279 487 35228
186 456 162152
268 489 4311
1011 553 978625
740 689 980618
643 742 578677
191 161 50315
893 651 68629
662 455 491430
283 467 82399
316 345 112464
492 130 89111
131 749 23293
426 112 46279
424 451 264583
521 693 271066
1105 436 310604
606 80 59975
618 341 292937
408 175 110927
736 491 628472
751 534 9833
821 264 431046
132 641 47845
1194 264 505655
97 737 35173
940 641 484430
1096 798 38733
702 568 698882
314 527 210636
1192 462 256154
15 765 19019
72 385 35495
429 68 23343
897 14 11607
167 462 67063
929 201 150125
479 448 257821
59 349 9424
828 262 208962
524 654 175839
309 620 132067
1028 291 72692
762 319 48095
288 15 348
878 181 235457
156 262 34674
75 692 69017
391 750 448118
26 330 9859
235 53 24214
409 313 145628
596 140 123854
271 53 28351
413 693 368547
521 722 330976
1041 78 18365
162 552 85160
531 94 49393
448 519 240030
578 305 119802
562 713 690991
765 460 243406
410 730 560211
1126 695 645123
1057 367 337518
1072 207 136989
548 769 355412
315 99 32909
783 498 533455
733 275 178421
334 436 222672
600 352 243147
1006 314 607869
616 639 555579
70 447 40481
245 718 134039
450 465 36267
405 731 168327
854 666 479218
972 598 1009965
643 483 553100
130 283 21192
876 40 49065
1104 255 409415
378 276 82758
418 472 106099
569 121 102782
287 126 28682
104 579 33351
1169 750 675464
461 144 107375
589 625 349129
620 701 398448
116 556 36974
1050 86 59401
383 455 234992
386 623 465377
405 110 34218
754 165 241408
169 485 145567
932 546 328637
130 686 136917
410 457 155649
729 172 77861
854 373 329270
854 708 639376
126 645 141331
670 649 234480
139 202 11500
586 322 62684
934 6 3645
626 87 101914
495 497 137548
1063 377 768465
539 431 339572
852 484 88797
20 561 6825
1010 782 1390425
509 120 38898
524 305 290220
175 391 132217
772 616 65327
853 710 664351
543 125 80978
803 215 324088
636 267 197345
1128 286 103546
264 447 93191
848 155 153887
386 630 253143
597 404 254613
365 375 135321
1019 780 821602
570 122 109078
97 524 35109
806 312 333215
798 191 265820
55 455 2824
942 54 84348
700 439 202609
1114 587 731228
719 151 134269
139 370 17390
572 491 188559
330 539 123238
654 144 64505
844 493 142584
71 548 38894
896 641 689139
1075 92 164170
283 5 2318
598 675 462359
888 765 1031740
1157 537 1224636
1099 466 872136
669 671 710925
997 714 946683
668 336 109694
1145 431 439458
524 257 174401
245 91 16646
552 688 606656
962 376 467805
93 284 3469
914 535 362350
273 403 160898
879 551 604473
778 371 391036
23 315 5112
613 790 895750
493 634 298676
1130 786 356907
842 499 431962
118 592 38310
730 305 97064
111 530 89898
962 608 100660
526 585 12678
777 560 278145
210 372 111174
1099 464 941904
830 394 460105
496 387 302323
842 504 401986
271 385 70911
586 495 451260
903 256 53059
170 733 76712
960 661 620251
464 470 301742
757 320 185277
36 749 4502
52 396 3208
215 437 52503
120 259 51487
330 44 381
621 98 109276
1168 268 396072
1051 379 584712
1141 42 91477
354 750 418280
382 386 119588
1156 437 230472
763 603 896690
378 675 171323
24 156 5738
165 377 99956
64 696 71863
1096 546 1018865
787 486 181214
900 791 622055
131 772 121400
511 727 96471
838 242 308647
401 619 58505
1023 642 1273917
393 358 193561
1108 374 476100
794 269 155281
58 607 64846
563 706 142340
169 789 12187
961 451 338978
93 88 12763
1027 488 471461
636 311 343118
1152 655 104732
444 114 35489
31 107 4765
963 564 984835
1132 278 28157
891 446 192445
621 558 593387
630 250 51306
480 477 127793
900 664 449255
714 615 628849
85 258 29782
981 640 1069680
545 2 1275
267 685 84752
1047 375 341470
615 547 230019
1033 777 568099
1090 56 61017
483 508 354320
89 21 518
1150 457 381695
1171 237 11702
803 781 739963
597 647 117449
269 94 13925
690 260 228891
68 445 4339
896 734 218651
104 368 10934
375 457 242956
812 406 40434
306 328 147742
439 330 37578
125 527 51926
495 747 599161
391 636 410433
82 303 41605
900 351 51010
78 6 842
