800 800
250
353 177 43035
666 544 285713
323 450 125714
364 598 56197
169 715 117820
297 797 183537
362 512 175494
519 503 424301
115 413 48014
239 433 8372
642 338 115309
329 555 318944
665 77 50913
730 440 361450
270 160 26165
792 8 1457
746 721 179636
240 792 7559
250 106 18843
343 344 188131
474 538 72068
334 418 129070
738 634 465178
790 563 233297
640 384 325009
756 375 176456
68 321 41489
595 560 213120
473 361 86281
667 255 246660
494 728 133273
209 614 42926
479 551 35817
376 540 386661
265 731 302787
313 686 343447
720 305 350203
248 452 111978
119 476 108450
543 343 82962
415 388 7360
23 596 26261
49 626 49939
259 554 192730
232 18 5641
588 330 63462
70 601 83859
673 49 63518
138 167 27185
764 262 229371
43 228 16942
754 250 135594
126 650 65819
400 461 259372
414 692 191613
358 479 161906
91 548 9319
481 772 140967
170 110 32941
687 425 271352
745 467 90249
743 421 476615
536 98 8960
506 498 199532
230 111 40435
770 20 9613
392 462 182881
614 143 117740
788 664 308593
328 550 244569
482 47 12096
510 789 54820
692 76 38673
276 581 199698
767 10 3804
702 332 175939
666 275 111797
730 88 128159
414 427 16482
110 754 96164
231 435 175012
18 497 9534
577 740 685377
433 215 9087
787 534 118539
2 787 3074
37 652 44276
85 582 36755
723 547 288717
776 208 213318
131 438 51945
332 455 81337
73 583 64798
689 216 40339
286 554 30232
596 107 104794
437 495 307863
552 579 271594
306 53 22732
486 29 6352
171 159 53413
291 43 3288
107 115 20190
663 4 805
185 289 54980
688 436 252857
729 72 15143
173 175 54214
551 480 87006
674 517 52194
557 687 22005
78 178 16475
405 636 103373
514 498 136256
391 682 184444
372 121 80059
460 401 219874
243 126 37692
156 676 30975
473 101 9527
19 210 6194
75 639 65503
173 595 41928
385 660 259688
153 250 2569
560 174 28562
251 633 163282
716 427 361287
556 582 526690
426 255 191339
13 625 11260
638 699 498154
640 423 74344
29 7 263
716 511 257037
37 271 19420
630 73 64830
23 788 13981
246 95 29450
343 521 185974
541 85 67932
500 722 611650
649 113 91492
592 141 41791
747 409 230549
351 445 283113
480 274 142035
441 648 454935
29 93 3415
551 436 442621
526 528 241857
230 580 124450
279 780 265962
303 124 43623
333 70 9883
425 772 231059
788 451 705420
774 91 70763
748 120 162936
369 670 80523
61 747 46434
638 176 189981
239 7 2863
401 309 130200
607 193 124865
421 169 4576
231 508 11950
314 482 193736
596 781 652815
523 701 186784
85 762 55419
79 151 6010
299 389 148742
51 341 23870
726 499 582116
222 119 23185
489 349 130624
406 214 8805
766 10 1586
796 84 122750
248 521 60167
798 599 315289
723 97 114396
207 500 103222
350 777 146221
238 199 88023
742 239 57732
505 197 87645
302 514 189818
79 61 4722
556 308 172742
195 305 92668
687 580 386996
768 786 671215
390 687 282884
62 124 9886
652 417 29796
343 122 40636
600 775 760993
65 53 1094
414 608 347649
35 354 23638
254 241 36169
570 208 33414
488 597 187284
383 658 388444
476 62 1568
712 404 115817
791 203 130809
136 620 118883
341 585 300661
53 620 30436
422 73 33716
570 194 15276
255 234 32184
627 616 55434
674 644 282151
337 555 373970
122 545 93425
584 232 268080
747 572 296520
269 625 98479
144 246 23436
612 368 311853
487 622 593118
510 800 306398
743 673 910125
589 210 92215
39 683 37897
395 466 258903
218 764 326558
177 232 3486
308 728 326548
511 539 520525
459 577 99646
641 638 42600
638 133 5988
478 721 159261
72 311 603
114 257 41673
36 474 6328
82 203 27140
751 510 405995
418 220 82065
4 678 2033
212 70 13070
771 707 740012
402 736 38211
243 359 112005
317 473 149046
