1600 400
1000
1507 52 72008
1386 228 309447
471 70 34499
471 156 2747
243 61 699
1513 42 78843
548 184 188407
510 73 60278
3 16 35
331 122 5508
767 28 2203
86 214 4127
540 236 214020
239 306 1115
1017 149 135011
1333 13 33180
1060 160 8443
90 270 37516
788 224 293875
1238 154 191372
286 72 3720
1336 158 246301
614 297 224232
1513 87 48844
119 255 40370
786 388 562906
1045 199 116121
1488 240 246422
1155 227 282985
437 217 351
593 54 47574
376 189 65091
1172 355 286220
955 267 222966
196 338 32625
1185 275 260170
186 119 214
499 358 303869
1032 264 273500
637 301 180484
1499 45 72939
32 20 597
1123 391 194847
62 97 6710
1439 293 797793
1471 229 343155
1042 367 178595
1211 65 115393
1172 296 581944
559 84 69516
1314 334 533088
522 366 167499
670 240 125785
773 301 331792
294 91 13090
504 362 69074
588 155 19512
694 118 75072
6 89 856
1086 247 165827
465 360 121705
1489 81 156882
883 302 23585
268 274 2753
1301 119 223887
978 174 338276
483 361 215925
707 255 202706
994 212 60124
1481 97 104838
52 114 5865
956 2 2489
1025 84 130414
933 303 506280
1445 355 347010
95 132 15324
659 167 49132
529 73 67986
916 218 181318
1391 99 52056
912 150 242375
344 305 16008
208 81 6396
1173 165 356086
812 9 12589
1274 103 61544
757 313 184248
1000 41 20894
202 108 40248
1567 298 106810
228 361 45503
555 256 126351
834 63 11599
797 388 300411
1415 351 919185
787 24 25537
1490 380 907642
1064 132 223490
1557 285 410122
572 251 126007
37 30 532
451 136 13263
721 170 109002
1423 118 253625
289 284 4623
1515 270 129935
844 112 54802
85 375 20397
470 283 185481
163 7 981
554 43 20233
505 94 43980
1063 366 313549
836 141 232207
548 29 16498
1459 344 643096
745 339 1785
762 23 2021
1359 44 63079
1391 207 90647
826 360 122232
1490 16 45237
1441 230 399114
362 218 4622
1352 365 487963
1025 175 210838
168 71 19252
974 33 12482
154 143 32685
1569 333 971509
1437 310 187282
500 199 132729
808 392 164287
1482 353 1031888
295 104 29524
289 328 37139
1378 48 66841
53 221 14813
1454 375 37915
99 343 37626
501 131 118261
463 183 75792
1191 190 365951
101 23 2515
780 318 243518
1024 158 249957
1394 336 107652
1034 388 118417
707 194 192315
1321 292 597133
172 392 83487
581 6 201
1540 349 339619
842 49 59993
896 29 7462
1453 204 500428
1041 397 535909
725 182 5802
581 88 70551
1211 161 191094
535 332 313730
1589 64 154759
778 355 528015
508 396 302756
1108 91 172192
1530 295 221819
1357 88 191767
1071 364 64132
1172 144 55716
619 106 124752
1556 240 10159
837 180 104255
524 109 22985
1358 216 47325
1393 76 30439
256 5 1214
826 161 228513
592 31 12160
140 354 42719
175 172 49536
674 128 110343
1104 164 278826
1598 287 299351
47 397 27796
43 189 3649
881 397 393147
366 22 11341
690 214 13843
1425 353 653457
655 79 50138
1190 304 52167
1516 207 36483
22 205 3281
236 203 70269
1065 197 203876
1570 277 732142
78 195 23395
699 84 100112
853 261 167814
1009 67 97174
889 57 14891
895 372 295604
969 345 535288
930 180 59530
86 45 1846
983 366 349114
676 43 25716
1591 293 681120
670 346 218796
1254 106 154902
1467 194 205546
384 241 127178
707 9 12322
386 90 61950
1067 176 374242
1192 358 660543
297 234 113665
349 176 97518
884 45 5895
831 50 19320
844 269 140122
66 252 15010
11 110 1646
700 95 112356
769 361 173475
1282 304 715992
1312 152 52081
937 100 133752
854 135 30689
1468 117 56870
139 161 2996
1404 178 474485
461 188 144266
1479 87 190568
586 56 23880
1068 89 176031
1411 153 29065
1140 289 146738
243 342 40437
991 161 45485
93 251 12271
1062 55 62190
1083 67 67423
1116 345 184224
1292 130 99511
1331 349 702643
826 112 141703
1224 51 41559
121 293 43168
705 36 15884
606 80 59975
218 341 61057
1208 175 96927
1536 91 71544
751 134 24853
1221 264 267894
132 241 13261
394 264 179351
897 337 574813
1340 241 631670
696 398 156237
702 168 227138
714 127 17380
1192 62 60666
415 365 270819
1272 385 922535
29 68 3079
1297 14 34903
967 62 75755
1329 201 29525
879 48 8093
859 349 366800
28 262 7746
1324 254 281455
1509 220 19267
1428 291 102956
362 319 116999
288 15 348
1278 181 130477
956 262 229602
475 292 252617
1591 350 619618
426 330 244819
235 53 24214
1209 313 37956
196 140 53294
271 53 28351
413 293 97619
121 322 53688
1441 78 40985
1362 152 219368
131 94 16869
48 119 6174
1378 305 801782
962 313 56111
365 60 25006
410 330 76411
1126 295 183463
1057 367 337518
272 207 77373
548 369 74836
715 99 43799
1183 98 185807
1533 275 101971
334 36 6240
1400 352 524747
206 314 42669
1016 239 358635
470 47 21521
1445 318 370899
1250 65 72267
805 331 73927
1254 266 418906
972 198 96285
643 83 32270
130 283 21192
76 40 3305
304 255 50375
778 276 121398
18 72 2195
169 121 22196
287 126 28682
504 179 34647
1569 350 612464
61 144 5135
589 225 84079
1020 301 305008
1316 156 312206
1450 86 76601
1583 55 65262
386 223 80149
5 110 118
1154 165 315328
1369 85 153847
132 146 14669
530 286 181117
1210 57 58289
329 172 30389
54 373 9982
854 308 58656
526 245 71051
1470 249 336580
139 202 11500
986 322 546972
1334 6 4677
226 87 37186
95 97 9188
1463 377 619173
539 31 19406
852 84 54717
820 161 104025
610 382 109145
509 120 38898
124 305 46220
575 391 405917
772 216 40623
853 310 152551
943 125 7478
1203 215 476308
1036 267 86273
1128 286 103546
264 47 21911
48 155 127
1186 230 531823
1397 4 11165
365 375 135321
219 380 7282
570 122 109078
1297 124 300509
406 312 243359
798 191 265820
55 55 5024
542 54 38772
1500 39 90409
714 187 63180
1119 151 209769
1339 370 917970
572 91 50135
730 139 128938
1454 144 162425
844 93 125704
871 148 60518
96 241 33459
1075 92 164170
283 5 2318
598 275 312859
488 365 271660
357 137 67404
699 66 25880
669 271 83403
597 314 320439
268 336 66686
1545 31 59128
124 257 55153
645 91 34846
152 288 64448
162 376 61725
893 284 227261
1314 135 321650
673 3 2732
79 151 13985
778 371 391036
1223 315 753552
613 390 405350
893 234 346468
730 386 553147
1242 99 192258
118 192 26982
1130 305 554564
911 130 112718
1362 208 541620
126 185 18258
377 160 60065
610 372 408774
299 64 15888
430 394 286745
896 387 314707
842 104 38242
1071 385 315001
1386 95 49320
1303 256 51011
970 333 308052
1360 261 123451
1264 70 160622
357 320 203197
436 349 10894
52 396 3208
1415 37 43713
1320 259 113647
1530 44 69021
221 98 24996
1568 268 610472
651 379 51838
741 42 18061
1554 350 286880
782 386 450004
756 37 672
1563 203 180212
378 275 190223
824 156 108074
165 377 99956
464 296 123831
696 146 193073
787 86 108810
900 391 393455
1331 372 337176
911 327 484727
1238 242 159575
401 219 56099
623 242 7641
793 358 211461
1508 374 643652
794 269 155281
458 207 69046
163 306 59228
969 389 227473
561 51 47412
1293 88 43387
227 88 34213
1436 311 427710
752 255 87932
444 114 35489
31 107 4765
163 164 1515
1132 278 28157
1291 46 75873
1421 158 178579
230 250 66306
880 77 34673
100 264 22055
314 215 52069
85 258 29782
581 240 28080
1345 2 5255
667 285 64742
1047 375 341470
615 147 33219
1433 377 407287
1090 56 61017
883 108 187496
89 21 518
1550 57 51095
371 237 20708
803 381 60625
997 247 272553
669 94 42313
1490 260 462891
1268 45 91539
1296 334 849243
904 368 658614
375 57 13456
12 6 18
706 328 143806
439 330 37578
525 127 15026
495 347 72481
1191 236 391353
1282 303 37969
100 351 51010
1278 6 4874
1011 381 132448
316 344 159575
429 250 37918
1226 288 343624
1555 13 78
483 59 52714
1103 50 56011
1535 83 23025
11 134 1195
821 212 331733
750 22 9905
335 290 158448
1125 318 460297
994 296 222969
1193 250 102249
222 332 105103
797 187 297242
1207 121 54730
224 84 33128
38 56 811
1362 5 11428
666 339 94569
714 215 399
610 8 9654
346 353 15307
894 174 241155
253 123 1901
60 129 317
1150 304 281392
1573 294 649387
559 55 27621
1166 321 567897
1215 234 445755
1133 43 65071
98 389 43203
112 34 5848
762 286 235690
398 346 255707
107 247 7066
1498 219 476911
1297 377 39708
1147 294 56754
40 260 11751
1146 192 326625
660 241 314373
926 305 184559
118 266 7860
631 264 329613
25 322 7699
123 219 3711
65 315 32445
510 214 150091
1227 205 162270
177 150 16694
722 10 11734
454 135 36678
972 204 314984
928 35 4431
380 11 5672
479 85 1452
747 150 55577
144 259 56666
1434 238 480854
583 14 5039
1028 335 268076
562 389 125323
1151 112 256822
806 239 176600
628 171 39915
19 249 5115
1181 195 17946
609 338 408983
602 123 89224
47 258 877
793 85 16784
301 198 59740
1543 101 138779
988 106 208266
420 286 4916
1014 304 184764
140 236 37342
168 44 528
6 197 514
1329 195 507661
217 140 15688
1040 40 58885
603 382 257485
1030 121 226963
47 92 2240
1234 305 539463
269 397 62403
650 164 78166
921 169 248189
915 249 157217
317 65 21366
156 257 14903
993 11 15006
329 192 20165
571 238 179940
1450 271 411437
1385 139 125643
1555 341 757648
520 61 28888
482 127 40432
591 396 278352
486 151 24064
1173 343 795753
1440 272 178682
1380 394 70072
964 196 88390
52 380 25553
1536 286 232773
783 5 5915
550 39 42072
117 229 33817
148 266 10961
1236 238 459416
1038 30 26183
1479 161 399366
1262 324 43747
1364 327 459198
708 262 100491
392 244 116704
1336 345 206454
359 61 39416
977 209 213159
146 196 53185
9 385 4830
191 263 87658
1518 277 480422
641 40 26472
542 299 184070
281 290 26449
376 377 118074
1309 288 229910
1174 64 149654
904 161 206777
72 169 17833
373 311 139390
883 229 198710
68 69 5187
1179 162 41801
504 394 195750
873 369 162108
1490 77 216281
615 2 1057
253 106 15841
485 129 94728
1454 102 176820
285 184 33248
544 203 180484
842 133 175282
990 237 259155
227 261 19690
592 150 173212
845 316 119734
361 120 39111
1589 157 289403
1338 10 4532
950 246 216987
1237 389 363723
1497 382 753870
670 171 59342
636 349 220762
171 140 5623
583 184 50066
548 96 37338
970 37 22738
320 126 77919
572 275 173124
558 264 275848
347 112 16229
1372 381 325775
233 216 9083
106 387 61814
880 121 88190
1569 220 98885
1082 389 638709
799 308 403063
1277 79 154661
752 189 50552
1367 135 96517
763 258 152395
1529 90 75295
1395 195 492183
1401 274 597245
790 194 229944
626 76 41444
899 26 44811
449 55 1282
1121 6 4174
1209 125 83626
1055 87 44503
434 16 11074
1580 210 157268
1464 362 843445
668 351 321734
891 129 100805
1054 179 342519
1476 227 320705
1577 147 54074
1018 107 62114
145 362 45445
777 347 207972
202 278 55361
1469 141 56973
913 8 5745
551 98 97077
567 303 229307
1057 178 131605
353 107 32326
359 276 189794
136 21 1451
1600 349 486005
1031 151 36642
976 371 391382
530 36 17981
1186 186 14078
1523 304 96508
837 113 25964
730 65 15720
721 375 488447
418 111 18767
877 110 154068
33 293 9134
1067 68 57356
640 149 153527
1021 86 148800
602 8 5504
1334 397 86272
147 278 63740
666 198 29463
964 215 231941
931 291 137036
1150 276 554886
1119 142 122077
962 333 223009
889 105 164579
552 307 18298
519 392 114966
950 138 238923
1046 355 661660
716 118 76503
1248 200 464729
1489 101 136966
1127 371 190051
431 133 39814
1084 221 93502
174 324 27824
1271 43 81515
1117 192 123248
439 389 330662
1111 304 28856
797 351 364085
1525 192 334148
129 118 2862
425 148 87202
1006 383 483514
1292 108 159690
283 131 31814
18 47 1651
1089 37 65640
67 347 3517
1562 343 467042
360 268 23893
107 348 66810
577 324 258509
1578 130 355044
352 221 98711
649 55 953
940 72 105751
1022 361 60400
1045 379 604326
124 292 11565
1553 251 343160
677 310 165627
1566 38 67246
106 15 771
581 318 357787
1564 166 419066
676 305 182041
187 79 6033
86 275 43251
331 398 178410
1271 302 402969
1230 178 162102
336 95 23851
1318 201 192525
380 333 171895
863 296 58572
552 172 55261
1512 310 858747
737 395 172711
787 325 35899
729 348 477872
473 377 207080
126 265 23184
1416 382 956640
1120 361 600269
1446 375 1051504
1186 126 273095
1534 390 374028
760 326 458622
1060 264 29859
510 192 133086
662 264 321446
143 389 38748
966 204 254875
294 76 8516
1202 321 340710
1157 258 26848
836 191 214981
423 102 41778
1157 314 544753
615 375 73817
772 188 104416
105 330 61773
103 48 9872
481 341 265907
724 294 224524
542 250 108133
485 237 25116
721 260 8897
1282 216 138170
458 382 191401
1026 353 310976
258 57 23126
1030 111 146581
1557 192 76905
912 67 24654
1435 208 65047
919 244 390820
194 164 34023
1171 197 288154
812 255 99931
1228 80 105963
1032 289 165603
1517 70 107382
449 27 13609
1321 138 233875
86 324 52403
204 394 39750
207 188 12290
69 110 5434
498 73 31300
60 101 4580
422 284 141740
345 152 100338
826 200 61276
1002 320 420325
892 357 567856
142 160 10433
836 319 384980
493 387 218343
1546 37 50470
806 96 101702
1345 70 175141
924 14 12216
1021 391 396189
248 192 87198
1564 235 6722
3 329 669
388 364 119295
159 56 6162
1192 353 627270
1097 310 522113
1102 54 117050
894 178 168559
1285 350 617249
1379 150 409192
192 113 15207
113 68 7943
1345 7 9400
896 165 99377
1585 108 150361
262 4 215
634 257 138860
628 350 356925
586 386 449395
887 164 23272
1378 307 267032
8 19 211
1014 116 88953
1135 211 121162
863 147 66711
1296 8 17693
486 193 63073
33 372 17123
158 158 34716
984 196 122048
711 325 360310
1350 333 75681
409 146 63348
1473 33 57110
1054 95 75116
1495 190 180463
1139 227 26525
191 260 86999
1593 17 26800
933 152 89239
36 62 2187
1397 211 7745
329 171 67473
224 44 5673
633 249 181955
388 143 105397
902 33 17491
761 224 33978
1039 216 433530
978 300 55713
312 287 167278
1570 84 222097
1113 364 187803
401 188 58526
121 372 69711
687 360 296637
195 13 770
730 373 474025
275 163 4820
1037 340 703392
1501 203 31730
1227 173 159681
1115 85 83107
1573 85 181496
427 157 80969
1481 43 98242
277 190 27231
258 119 10239
462 393 128954
434 181 101737
1105 82 174520
14 108 2992
607 22 2100
715 346 353936
562 372 227892
1228 204 488494
158 81 3935
748 290 384785
1262 352 636074
1139 337 526072
908 241 53583
1327 206 181122
1022 364 29311
401 278 78561
1016 39 16188
939 19 1746
1304 176 105992
1411 75 186407
835 136 207048
1004 27 35288
1354 134 206808
184 212 66534
1474 33 23857
384 33 6567
792 200 100925
372 338 92991
1307 393 552728
674 203 78100
330 190 115232
290 345 183858
985 50 73143
1473 186 215894
166 59 1610
870 394 55002
1356 386 89897
1481 309 245100
423 367 74624
1093 192 164893
1036 121 193058
1067 362 170110
276 147 80572
18 19 493
723 184 164599
660 205 228832
1381 313 126935
253 193 1821
262 167 53935
216 59 25042
1524 247 736115
221 113 18402
766 341 324806
609 358 208968
189 233 59093
1427 92 97452
1059 225 71590
1027 77 4968
1256 339 773866
1002 106 149309
1388 29 60451
246 201 74007
1065 166 137271
1183 375 539271
470 163 95233
693 342 257428
1120 200 51320
1059 378 381177
1542 385 246307
1391 187 120730
99 374 66560
1005 171 203992
