1200 400
250
753 177 158439
266 144 42065
323 50 28814
364 198 114437
169 315 31630
1097 397 774303
762 112 63814
519 103 44393
115 13 2704
1039 33 44116
1042 338 299181
329 155 88644
1065 77 162563
1130 40 69450
270 160 26165
392 8 1457
746 321 387024
240 392 157319
250 106 18843
343 344 188131
74 138 10796
1134 18 35262
338 234 90346
390 163 122757
640 384 325009
756 375 176456
868 321 87713
595 160 22720
473 361 86281
1067 255 373140
894 328 507833
209 214 1962
479 151 80843
1176 140 178341
265 331 71707
313 286 6659
720 305 350203
1048 52 28906
119 76 5634
943 343 381372
815 388 34520
423 196 39093
449 226 169119
259 154 44582
632 18 13417
988 330 425142
870 201 307939
673 49 63518
138 167 27185
364 262 160203
843 228 7366
1154 250 22594
526 250 239819
1200 61 104972
814 292 64253
358 79 49494
91 148 18783
881 372 586255
570 110 112141
687 25 30902
745 67 94719
1143 21 31083
536 98 8960
106 98 2380
1030 111 118135
1170 20 35213
1192 62 54017
614 143 117740
1188 264 147697
1128 150 172569
882 47 36912
910 389 661840
292 76 17393
676 181 226786
767 10 3804
702 332 175939
266 275 73297
330 88 19039
14 27 354
510 354 265524
631 35 32772
18 97 1902
177 340 103097
433 215 9087
787 134 159463
2 387 1146
837 252 316332
485 182 129875
323 147 49419
776 208 213318
131 38 9501
332 55 24897
473 183 47506
1089 216 209683
1086 154 142080
996 107 20906
437 95 23813
952 179 65386
1106 53 39480
886 29 24100
571 159 153583
691 43 53684
107 115 20190
663 4 805
985 289 554950
288 36 16569
329 72 2615
173 175 54214
151 80 8126
274 117 50654
557 287 104441
78 178 16475
405 236 22373
514 98 49904
1191 282 211388
1172 121 201059
460 1 914
243 126 37692
156 276 68415
873 101 108709
419 210 166214
475 239 110053
173 195 9058
1185 260 206288
153 250 2569
560 174 28562
651 233 123562
716 27 423
156 182 7234
426 255 191339
13 225 4760
1038 299 486154
240 23 1384
829 7 6003
716 111 2141
37 271 19420
630 73 64830
423 388 144541
646 95 40090
743 121 33762
141 85 23732
100 322 4850
1049 113 233646
992 141 253855
1147 9 3947
1151 45 70083
480 274 142035
441 248 59799
429 93 51775
951 36 51333
126 128 6081
630 180 199250
679 380 239482
303 124 43623
333 70 9883
425 372 50859
788 51 63988
374 91 32907
748 120 162936
369 270 161703
861 347 277962
1038 176 301213
239 7 2863
401 309 130200
1007 193 153043
21 169 5252
231 108 15646
714 82 47456
196 381 107663
523 301 132392
885 362 145599
79 151 6010
1099 389 509734
51 341 23870
326 99 52664
1022 119 159321
889 349 152262
406 214 8805
366 10 4586
1196 84 95870
248 121 10567
398 199 92537
723 97 114396
207 100 20422
350 377 98621
638 199 133395
1142 239 185836
105 197 24605
302 114 38818
79 61 4722
156 308 22438
195 305 92668
1087 180 283676
1168 386 145647
1190 287 243104
462 124 101150
1052 17 13756
1143 122 111884
600 375 190993
465 53 41904
414 208 109185
835 354 501538
254 241 36169
970 208 129094
488 197 14532
1183 258 183988
476 62 1568
312 4 1833
391 203 5355
936 220 194403
741 185 126331
53 220 17716
822 73 106716
170 194 34676
1055 234 179604
227 216 55386
1074 244 16999
1137 155 10100
522 145 41205
584 232 268080
347 172 33872
669 225 277079
544 246 196620
212 368 49837
487 222 45730
510 400 306398
743 273 226565
189 210 60715
839 283 57619
395 66 34543
1018 364 504158
577 232 36894
1108 328 122388
111 139 2187
459 177 148300
241 238 24476
638 133 5988
78 321 29533
72 311 603
514 257 125969
436 74 12920
82 203 27140
351 110 55415
18 220 2865
804 278 236657
1012 70 129550
371 307 9408
802 336 55107
1043 359 725177
1117 73 134444
