1600 1600
500
1507 852 2061248
1386 1428 1806327
471 470 166379
471 1356 907067
243 461 207735
1513 42 78843
548 184 188407
510 1273 69458
3 1216 3971
331 1322 70384
767 1228 413315
86 1014 92191
540 1036 23940
239 1506 282179
1017 149 135011
1333 1213 715676
1060 160 8443
90 670 33916
788 224 293875
1238 554 285460
286 872 269128
1336 958 2485437
614 1497 264756
1513 1287 2645152
119 255 40370
786 1588 217066
1045 599 1104691
1488 240 246422
1155 1027 1662055
437 217 351
593 54 47574
376 1389 505011
1172 1555 1352740
955 1467 2159706
196 1138 9105
1185 1475 1030420
186 919 271774
499 358 303869
1032 1064 1148636
637 1501 1533472
1499 45 72939
32 420 15957
1123 1591 1879347
62 497 8570
1439 693 239461
1471 1429 3749991
1042 1167 1887475
1211 65 115393
1172 1096 863224
559 1284 15852
1314 734 470016
522 766 795987
670 1440 1090585
773 1501 1849964
294 891 290626
504 762 302930
588 1355 1036752
694 518 652480
6 89 856
1086 647 202751
465 360 121705
1489 881 1321280
883 1102 998417
268 274 2753
1301 119 223887
978 174 338276
483 761 90345
707 1455 1157156
994 1012 2000412
1481 497 1313334
52 514 16889
956 402 709929
1025 1284 1557214
933 1103 1278804
1445 355 347010
95 1332 177204
659 1367 783258
529 473 217164
916 1018 511078
1391 899 2344424
912 950 1610375
344 305 16008
208 881 255164
1173 1365 2326726
812 1209 1357261
1274 1303 451388
757 1513 494618
1000 441 110894
202 908 319816
1567 698 909114
228 1161 436295
555 1056 374991
834 1263 1307635
797 388 300411
1415 751 1052195
787 424 353
1490 1180 967242
1064 132 223490
1557 1485 1204192
572 1451 1380975
37 1230 20512
451 1336 244175
721 570 541602
1423 918 1528633
289 284 4623
1515 1070 735935
844 512 189842
85 1575 198897
470 1083 59521
163 1207 158765
554 1243 562045
505 94 43980
1063 366 313549
836 1341 71695
548 29 16498
1459 1544 876536
745 339 1785
762 423 392165
1359 444 813247
1391 607 1581799
826 1160 1113432
1490 1216 3239797
1441 230 399114
362 618 158110
1352 1165 28283
1025 575 262088
168 871 27652
974 33 12482
154 943 41617
1569 733 1053097
1437 1110 2630182
500 999 696729
808 392 164287
1482 753 154544
295 504 76724
289 1528 416307
1378 1248 2051161
53 621 28593
1454 775 328715
99 743 53466
501 131 118261
463 183 75792
1191 990 1390211
101 423 21503
780 718 418238
1024 558 876645
1394 336 107652
1034 388 118417
707 1394 305435
1321 1492 3207429
172 392 83487
581 406 269785
1540 1149 1081899
842 1249 1518337
896 429 747558
1453 1004 558548
1041 797 152821
725 1382 643802
581 488 51959
1211 1361 1862274
535 1532 407890
1589 64 154759
778 1155 457995
508 396 302756
1108 1291 1654696
1530 695 1705919
1357 1288 2927479
1071 1564 3088636
1172 544 543268
619 1306 862600
1556 240 10159
837 1380 1711295
524 109 22985
1358 616 221149
1393 1276 3117327
256 1205 231614
826 961 904181
592 431 108064
140 1154 305919
175 172 49536
674 128 110343
1104 964 102186
1598 1487 2303243
47 797 23096
43 589 15087
881 397 393147
366 1222 25981
690 214 13843
1425 353 653457
655 79 50138
1190 304 52167
1516 1407 900603
22 1405 58501
236 1003 232165
1065 597 1043096
1570 1477 3482782
78 1395 98275
699 484 558656
853 1461 1744158
1009 67 97174
889 1257 590963
895 1172 1147644
969 745 506218
930 980 729130
86 445 71506
983 1566 997894
676 43 25716
1591 293 681120
670 1146 374236
1254 106 154902
1467 994 1555186
384 1441 141770
707 809 331886
386 1290 177750
1067 1376 544962
1192 758 40703
297 1434 402349
349 976 309710
884 45 5895
831 850 434820
844 269 140122
66 652 47746
11 910 6706
700 1295 1260356
769 761 105803
1282 1504 2274904
1312 1352 115057
937 100 133752
854 535 474769
1468 917 324046
139 161 2996
1404 1378 3018533
461 1388 907682
1479 487 391712
586 1256 1411528
1068 489 575463
1411 1353 3068359
1140 689 1063298
243 1542 419517
991 961 796663
93 651 7435
1062 455 136530
1083 467 264529
1116 345 184224
1292 930 2140871
1331 1549 1320227
826 912 1331143
1224 451 279015
121 693 10498
705 1236 557324
606 880 738695
218 341 61057
1208 975 942527
1536 491 314232
751 1334 292209
1221 1064 1869846
132 1441 81901
394 1064 721495
897 737 689629
1340 1441 2416550
696 1598 2196909
702 1368 1136930
714 527 18808
1192 462 256154
415 765 279119
1272 385 922535
29 68 3079
1297 14 34903
967 462 524443
1329 201 29525
879 448 345629
859 1149 992152
28 262 7746
1324 1454 281455
1509 1420 2856187
1428 1091 2844716
362 1119 790319
288 815 325788
1278 181 130477
956 1062 1055586
475 1492 1271017
1591 750 2210618
426 330 244819
235 53 24214
1209 1113 1631418
196 940 14094
271 853 402331
413 693 368547
121 1522 357156
1441 878 1286009
1362 1352 1243592
131 894 27349
48 1319 110046
1378 1105 1821502
962 713 1010415
365 460 317006
410 730 560211
1126 695 645123
1057 367 337518
272 207 77373
548 1569 295132
715 99 43799
1183 1298 2764747
1533 1075 1558321
334 436 222672
1400 352 524747
206 314 42669
1016 1439 1689595
470 447 317621
1445 718 844859
1250 1265 1709767
805 1531 1600207
1254 666 348682
972 598 1009965
643 483 553100
130 283 21192
76 40 3305
304 1055 634055
778 1076 171190
18 472 11699
169 121 22196
287 926 67714
504 579 144519
1569 1550 4848764
61 144 5135
589 1425 349129
1020 1501 2055328
1316 1356 2207246
1450 86 76601
1583 1255 3072962
386 1423 396669
5 110 118
1154 165 315328
1369 1285 2672807
132 1346 269693
530 1486 1349237
1210 457 247049
329 172 30389
54 1173 115606
854 708 639376
526 645 239371
1470 649 1039240
139 202 11500
986 1122 1130684
1334 806 735709
226 887 135270
95 497 87848
1463 377 619173
539 431 339572
852 1284 1302045
820 1361 779705
610 782 889945
509 920 853298
124 305 46220
575 1191 164417
772 1416 1300527
853 1510 2063271
943 925 196078
1203 1015 1137958
1036 267 86273
1128 1086 1894810
264 1247 593735
48 155 127
1186 1430 2381983
1397 404 257037
365 1175 135321
219 1580 673042
570 922 818158
1297 524 1057957
406 1112 412255
798 191 265820
55 455 2824
542 54 38772
1500 1239 2907409
714 587 433032
1119 951 1724895
1339 1170 275250
572 1291 457399
730 539 317278
1454 944 627705
844 1293 1746184
871 1348 1607414
96 1441 75315
1075 892 1780970
283 5 2318
598 675 462359
488 1565 530300
357 537 4572
699 1266 1124708
669 671 710925
597 1514 72087
268 336 66686
1545 431 176548
124 1057 245617
645 891 568906
152 1488 122816
162 376 61725
893 284 227261
1314 535 229670
673 1203 1056650
79 1351 210221
778 1171 100064
1223 1115 288812
613 790 895750
893 1434 2189620
730 1586 1002827
1242 1299 1146114
118 592 38310
1130 305 554564
911 530 641098
1362 608 715956
126 1385 59838
377 560 180705
610 1172 804054
299 464 73296
430 1194 202465
896 387 314707
842 504 401986
1071 1185 122221
1386 495 589860
1303 256 51011
970 1533 28692
1360 1461 1837051
1264 470 843182
357 320 203197
436 749 82398
52 1196 11528
1415 437 1031383
1320 1059 591487
1530 844 1452141
221 98 24996
1568 1068 1902504
651 379 51838
741 42 18061
1554 1550 597680
782 386 450004
756 437 62664
1563 1403 311504
378 675 171323
824 156 108074
165 377 99956
464 1496 287159
696 546 346193
787 1286 1040618
900 791 622055
1331 1572 2669088
911 727 174987
1238 242 159575
401 619 58505
623 1442 211985
793 1158 1718161
1508 1174 3382180
794 269 155281
458 607 380486
163 1506 170720
969 789 1506553
561 1251 434502
1293 888 1574299
227 1288 404677
1436 311 427710
752 655 817372
444 114 35489
31 907 10903
163 1364 366635
1132 1078 1934445
1291 446 34561
1421 558 769715
230 250 66306
880 477 356753
100 1464 214055
314 615 136849
85 1058 165442
581 640 585840
1345 802 1586975
667 1485 1365392
1047 1175 2278420
615 547 230019
1433 777 140749
1090 56 61017
883 1308 2306696
89 21 518
1550 1257 3306095
371 237 20708
803 1581 1689109
997 647 1179823
669 94 42313
1490 260 462891
1268 1245 2450019
1296 734 1087707
904 1168 1352886
375 1257 501706
12 1206 21618
706 1128 991006
439 330 37578
525 1327 920126
495 1547 489271
1191 1436 2954385
1282 1103 1340481
100 351 51010
1278 806 1374890
