2000 1200
500
1107 52 25208
1386 1028 586647
1271 470 595959
71 156 13043
1043 861 540873
713 842 344555
1348 984 1084215
510 73 60278
3 416 2051
331 122 5508
1567 428 614995
486 214 39223
1340 636 1046340
1039 306 45791
1817 949 910489
533 813 274044
1460 560 1170043
890 270 269716
1588 624 1192563
438 954 300436
1086 872 408648
536 558 368893
1814 1097 936924
1513 487 1422648
1719 1055 296150
786 788 644650
1445 999 2077181
288 240 62102
755 1027 142095
837 617 884471
193 54 1458
1576 589 25331
372 355 36300
555 667 203856
196 338 32625
1985 1075 3569670
986 119 2594
899 358 316041
232 664 18396
637 1101 1316892
1499 445 342759
32 820 15957
723 391 46267
1262 497 451894
1039 1093 225769
1871 229 759477
642 767 502795
811 865 234763
1972 296 30200
1359 884 2040420
114 334 44112
1322 366 331467
1870 1040 2591385
1573 701 1767234
294 891 290626
104 762 95666
1788 955 412512
1494 918 2535160
806 889 695292
1886 1047 3256031
865 1160 799305
289 81 44292
83 302 20565
268 274 2753
101 519 24443
1778 174 459380
1283 1161 1904889
307 1055 4436
1394 212 317068
1481 497 1313334
852 114 121689
1356 2 2409
1025 484 794614
933 1103 1278804
1045 1155 952410
1695 532 1513284
1459 167 178056
1329 473 203920
116 618 137638
1791 899 220986
1712 150 117575
344 1105 604248
1008 881 959964
1573 165 405586
1612 9 22525
474 103 13340
1557 713 2043418
1000 41 20894
1002 908 410616
367 1098 219458
628 1161 547751
1355 1056 58191
834 863 100003
797 388 300411
215 751 241115
1187 424 200481
1490 780 1503642
1464 932 1069634
357 1085 365962
972 251 433231
437 830 693492
1251 536 1275391
1121 570 897282
1423 918 1528633
1089 284 73351
1515 670 1887335
44 912 7058
485 1175 552147
870 1083 59521
963 407 147291
554 43 20233
1705 494 364680
1463 1166 78221
836 541 661911
1748 829 789074
1459 344 643096
1145 739 1550425
362 823 70257
1759 844 1987199
1391 1007 616445
1626 360 866712
1090 416 131957
1841 1030 2299534
362 1018 123358
152 765 87323
1425 175 315838
1368 871 445732
174 33 8126
954 143 250617
769 733 182293
237 710 315982
500 199 132729
808 792 435775
282 1153 111212
695 504 414404
1489 328 823683
178 448 82777
453 221 178353
1854 1175 4125415
899 1143 535416
901 531 509635
63 583 6588
791 590 375231
901 23 40143
1580 1118 979838
224 958 232037
994 736 966020
1034 1188 1789361
707 594 113131
121 292 19557
1372 792 2012127
1381 406 49733
1940 749 1907059
1242 449 787057
1296 29 20454
253 604 211284
241 797 152821
1925 982 2245102
181 488 78311
1611 161 105442
1335 732 443890
1589 864 1273415
1578 755 1063515
108 1196 7844
1108 91 172192
330 695 246419
557 88 38119
671 764 442420
772 544 199460
1419 106 181568
1156 240 259759
1237 980 1795975
1724 509 867529
1758 616 470013
593 476 323207
1456 5 13534
1626 161 399817
1392 831 258944
140 1154 305919
575 172 118336
1874 928 1520007
704 964 811690
798 687 614939
447 1197 1044756
1243 189 131791
481 797 160233
766 22 5709
690 214 13843
1825 1153 345807
1055 79 125978
1990 1104 3514567
316 1007 521995
1622 1005 313581
1836 1003 1572173
1065 997 649046
770 1077 246822
1278 595 919615
1499 484 251800
453 661 474888
209 467 137358
889 857 1108361
1295 372 414644
1369 345 382108
130 580 138330
1686 845 2537086
983 766 616490
1476 843 563612
791 1093 503492
670 1146 374236
1254 106 154902
1467 194 205546
1184 641 426698
1107 9 5662
386 890 254950
1467 176 171490
1592 1158 1006303
297 1034 363145
349 176 97518
84 845 83895
31 450 24720
1244 269 400514
66 1052 57778
811 910 279706
1100 495 835356
769 1161 1697633
882 304 514136
912 552 22897
137 100 22152
54 135 12329
1468 117 56870
939 161 24570
1004 978 1071461
1661 188 170586
279 887 464888
986 56 69576
1468 89 205935
1411 553 1044985
1940 1089 2561018
1843 742 657329
1791 161 473423
93 651 7435
1862 855 1377630
283 67 12215
1516 345 250464
892 530 807431
931 1149 584301
1226 112 12231
424 851 17815
521 293 228344
305 836 50004
1806 880 1372295
618 341 292937
808 975 146927
1536 91 71544
1551 934 1203773
1621 1064 197238
1332 641 140149
1594 1064 308663
897 737 689629
940 641 484430
1896 398 1073229
702 168 227138
714 927 1292584
1592 462 477914
1615 365 913219
472 1185 1000055
1629 468 1477263
497 814 328791
1367 62 142095
1729 1001 1786445
79 48 6173
859 749 107382
1228 1062 1377522
524 1054 666303
1909 220 812587
628 291 191420
1962 719 2440139
1488 415 1194588
1278 581 1472377
556 662 154482
1275 292 471617
1591 350 619618
826 330 384739
1435 853 2247164
9 313 2274
1396 140 105934
271 53 28351
1613 693 1240341
1721 722 1234920
1841 878 736381
562 952 37640
131 494 11629
1248 519 538974
978 1105 707662
562 313 285227
1965 60 43606
10 330 3811
326 1095 472143
1057 767 1466394
272 607 6653
1348 769 1899564
715 99 43799
1583 898 748163
1533 275 101971
734 836 1211872
1800 752 358347
1006 314 607869
1016 239 358635
1670 447 1309961
245 318 24279
1650 865 2710767
805 331 73927
1654 266 481682
1372 998 2016653
1043 483 390812
1730 1083 3578672
476 40 15465
1904 655 956135
1978 1076 2749286
418 472 106099
1769 921 2855236
1887 126 137042
904 979 268631
769 750 1078964
461 544 269647
189 1025 376579
620 701 398448
116 956 129774
650 486 142201
1983 55 215632
386 623 465377
1205 910 1702718
1154 165 315328
169 485 145567
132 946 218477
130 686 136917
1610 457 941689
1929 572 2092517
454 773 281210
854 308 58656
1726 1045 2967391
1070 249 147340
1339 1002 434740
186 322 116780
1334 406 842429
1826 887 2246330
95 97 9188
263 1177 356647
939 831 685940
452 484 177853
1220 961 70865
1010 782 1390425
1709 920 1876338
924 305 182860
1775 391 1207467
372 1016 681903
1253 310 357771
1743 525 1062878
1603 215 467708
1836 1067 3007433
1128 1086 1894810
1864 47 37703
1248 555 1035967
786 230 66303
997 404 559229
365 1175 135321
1019 1180 2125922
570 522 576478
1297 124 300509
6 1112 7487
1198 191 232204
1655 455 621624
1742 454 454756
1500 839 1485409
1114 587 731228
1919 951 3516579
1739 770 1028230
1372 491 55007
730 939 974278
1454 544 1232569
1644 493 966880
871 548 806094
496 641 422483
1875 492 1280970
283 405 104198
198 275 80759
1288 765 1839580
1157 137 187964
1899 466 1124708
1469 271 734887
997 1114 866923
668 336 109694
345 31 20068
924 257 219633
245 891 274876
952 288 27584
1762 1176 403293
1693 284 865125
1314 535 229670
273 3 374
1279 151 147771
1178 1171 2231284
1623 1115 2712822
1413 790 718790
1693 1034 1191904
1930 386 43627
42 499 40746
118 592 38310
1530 305 322764
1711 930 2346438
1762 608 706228
1326 185 309078
1977 560 1158465
210 1172 30534
1899 464 1188752
30 394 10945
96 387 17491
442 504 53218
1871 385 1005691
986 495 837360
903 256 53059
970 1133 1658292
560 1061 515611
1664 70 212142
1557 320 969277
836 1149 358862
452 796 451272
1815 437 1346023
1320 1059 591487
1930 444 248541
621 498 315448
1968 668 1530024
1851 779 1338538
1541 42 118861
1154 1150 2095480
382 1186 489364
1156 37 27016
1163 603 151382
1578 1075 2709923
1224 556 931370
165 1177 254396
864 296 474295
296 146 24881
787 86 108810
900 791 622055
531 1172 677088
1711 1127 2983803
1238 1042 699343
1201 219 331163
1823 242 759777
793 758 198773
308 1174 29236
394 1069 667517
1258 1007 2348698
563 706 142340
569 1189 1228027
1761 851 532116
1293 488 167515
627 888 874437
1436 711 1812014
352 255 79772
1644 514 1379585
1631 107 344811
163 164 1515
1132 1078 1934445
1691 46 8069
221 158 37327
230 250 66306
880 77 34673
100 1064 191655
1114 1015 1219089
85 258 29782
581 640 585840
545 402 408935
1467 685 1264322
247 375 135970
1415 147 81729
1033 777 568099
690 56 13977
883 108 187496
489 821 330494
1950 57 165095
1571 1037 1884372
803 381 60625
197 647 12635
669 494 61045
1490 260 462891
68 445 4339
1696 334 90395
1704 1168 1614518
1175 57 107506
812 6 1458
1906 328 925758
439 1130 423898
925 527 210026
495 1147 853591
1191 636 391353
882 703 902917
500 751 153810
1278 6 4874
