1600 1200
500
1507 52 72008
1386 1028 586647
471 470 166379
471 156 2747
243 861 342843
1513 842 484327
548 984 249783
510 73 60278
3 416 2051
331 122 5508
767 428 180147
86 214 4127
540 636 54180
239 306 1115
1017 949 179759
1333 813 217134
1060 560 856443
90 270 37516
788 624 798195
1238 954 18052
286 872 269128
1336 558 502813
614 1097 405976
1513 487 1422648
119 1055 118910
786 788 644650
1045 999 638621
1488 240 246422
1155 1027 1662055
437 617 430359
593 54 47574
376 589 430563
1172 355 286220
955 667 624066
196 338 32625
1185 1075 2096920
186 119 214
499 358 303869
1032 664 422108
637 1101 1316892
1499 445 342759
32 820 15957
1123 391 194847
62 497 8570
1439 1093 2400839
1471 229 343155
1042 767 1116395
1211 865 1338503
1172 296 581944
559 884 109764
1314 334 533088
522 366 167499
670 1040 1197785
773 701 133904
294 891 290626
504 762 302930
588 955 825072
694 918 519232
6 889 5428
1086 1047 2075015
465 1160 196105
1489 81 156882
883 302 23585
268 274 2753
1301 519 361793
978 174 338276
483 1161 154101
707 1055 1029896
994 212 60124
1481 497 1313334
52 114 5865
956 2 2489
1025 484 794614
933 1103 1278804
1445 1155 2557860
95 532 55604
659 167 49132
529 473 217164
916 618 730918
1391 899 2344424
912 150 242375
344 1105 604248
208 881 255164
1173 165 356086
812 9 12589
1274 103 61544
757 713 153968
1000 41 20894
202 908 319816
1567 1098 395138
228 1161 436295
555 1056 374991
834 863 100003
797 388 300411
1415 751 1052195
787 424 353
1490 780 1503642
1064 932 1815234
1557 1085 378982
572 251 126007
37 830 1272
451 536 164799
721 570 541602
1423 918 1528633
289 284 4623
1515 670 1887335
844 912 919058
85 1175 58647
470 1083 59521
163 407 95195
554 43 20233
505 494 433840
1063 1166 2188681
836 541 661911
548 829 152402
1459 344 643096
745 739 331075
762 823 876797
1359 844 84823
1391 1007 616445
826 360 122232
1490 416 855797
1441 1030 1782474
362 1018 123358
1352 765 393323
1025 175 210838
168 871 27652
974 33 12482
154 143 32685
1569 733 1053097
1437 710 503422
500 199 132729
808 792 435775
1482 1153 3044444
295 504 76724
289 328 37139
1378 448 640089
53 221 14813
1454 1175 764915
99 1143 2778
501 531 445915
463 583 99868
1191 590 604151
101 23 2515
780 1118 1382318
1024 958 1458277
1394 736 1445892
1034 1188 1789361
707 594 113131
1321 292 597133
172 792 66975
581 406 269785
1540 749 1128099
842 449 199765
896 29 7462
1453 604 419060
1041 797 152821
725 982 232002
581 488 51959
1211 161 191094
535 732 151090
1589 864 1273415
778 755 815875
508 1196 266180
1108 91 172192
1530 695 1705919
1357 88 191767
1071 764 29860
1172 544 543268
619 106 124752
1556 240 10159
837 980 974735
524 509 435897
1358 616 221149
1393 476 1222847
256 5 1214
826 161 228513
592 831 870560
140 1154 305919
175 172 49536
674 928 24071
1104 964 102186
1598 687 1315679
47 1197 48852
43 189 3649
881 797 909413
366 22 11341
690 214 13843
1425 1153 3113007
655 79 50138
1190 1104 1461127
1516 1007 2850179
22 1005 12081
236 1003 232165
1065 997 649046
1570 1077 160662
78 595 84235
699 484 558656
853 661 422008
1009 467 311082
889 857 1108361
895 372 295604
969 345 535288
930 580 22330
86 845 15606
983 766 616490
676 843 1049180
1591 1093 2599866
670 1146 374236
1254 106 154902
1467 194 205546
384 641 426698
707 9 12322
386 890 254950
1067 176 374242
1192 1158 765439
297 1034 363145
349 176 97518
884 845 50095
831 450 19320
844 269 140122
66 1052 57778
11 910 6706
700 495 637356
769 1161 1697633
1282 304 715992
1312 552 870769
937 100 133752
854 135 30689
1468 117 56870
139 161 2996
1404 978 2558021
461 188 144266
1479 887 60416
586 56 23880
1068 89 176031
1411 553 1044985
1140 1089 1776938
243 742 10305
991 161 45485
93 651 7435
1062 855 327690
1083 67 67423
1116 345 184224
1292 530 1184791
1331 1149 1131225
826 112 141703
1224 851 1706199
121 293 43168
705 836 309164
606 880 738695
218 341 61057
1208 975 942527
1536 91 71544
751 934 583597
1221 1064 1869846
132 641 47845
394 1064 721495
897 737 689629
1340 641 843390
696 398 156237
702 168 227138
714 927 1292584
1192 462 256154
415 365 270819
1272 1185 1189655
29 468 4935
1297 814 1160699
967 62 75755
1329 1001 2573231
879 48 8093
859 749 107382
28 1062 18162
1324 1054 1383023
1509 220 19267
1428 291 102956
362 719 228495
288 415 158748
1278 581 1472377
956 662 631122
475 292 252617
1591 350 619618
426 330 244819
235 853 89074
1209 313 37956
196 140 53294
271 53 28351
413 693 368547
121 722 60948
1441 878 1286009
1362 952 197576
131 494 11629
48 519 40734
1378 1105 1821502
962 313 56111
365 60 25006
410 330 76411
1126 1095 1759863
1057 767 1466394
272 607 6653
548 769 355412
715 99 43799
1183 898 909803
1533 275 101971
334 836 185264
1400 752 659147
206 314 42669
1016 239 358635
470 447 317621
1445 318 370899
1250 865 634767
805 331 73927
1254 266 418906
972 998 1282125
643 483 553100
130 1083 156392
76 40 3305
304 655 348295
778 1076 171190
18 472 11699
169 921 210124
287 126 28682
504 979 613239
1569 750 1396964
61 544 32463
589 1025 702529
1020 701 706888
1316 956 2133550
1450 486 871201
1583 55 65262
386 623 465377
5 910 1018
1154 165 315328
1369 485 934177
132 946 218477
530 686 452477
1210 457 247049
329 572 254109
54 773 33850
854 308 58656
526 1045 639131
1470 249 336580
139 1002 238348
986 322 546972
1334 406 842429
226 887 135270
95 97 9188
1463 1177 1046369
539 831 375146
852 484 88797
820 961 878105
610 782 889945
509 920 853298
124 305 46220
575 391 405917
772 1016 917615
853 310 152551
943 525 431828
1203 215 476308
1036 1067 1522169
1128 1086 1894810
264 47 21911
48 555 23647
1186 230 531823
1397 404 257037
365 1175 135321
219 1180 471562
570 522 576478
1297 124 300509
406 1112 412255
798 191 265820
55 455 2824
542 454 296764
1500 839 1485409
714 587 433032
1119 951 1724895
1339 770 409150
572 491 188559
730 939 974278
1454 544 1232569
844 493 142584
871 548 806094
96 641 73779
1075 492 198570
283 405 104198
598 275 312859
488 765 652300
357 137 67404
699 466 576692
669 271 83403
597 1114 728787
268 336 66686
1545 31 59128
124 257 55153
645 891 568906
152 288 64448
162 1176 346845
893 284 227261
1314 535 229670
673 3 2732
79 151 13985
778 1171 100064
1223 1115 288812
613 790 895750
893 1034 1318052
730 386 553147
1242 499 376074
118 592 38310
1130 305 554564
911 930 1278798
1362 608 715956
126 185 18258
377 560 180705
610 1172 804054
299 464 73296
430 394 286745
896 387 314707
842 504 401986
1071 385 315001
1386 495 589860
1303 256 51011
970 1133 1658292
1360 1061 855131
1264 70 160622
357 320 203197
436 1149 459974
52 796 56456
1415 437 1031383
1320 1059 591487
1530 444 852381
221 498 130192
1568 668 974248
651 779 623416
741 42 18061
1554 1150 2307080
782 1186 465644
756 37 672
1563 603 64550
378 1075 284723
824 556 806826
165 1177 254396
464 296 123831
696 146 193073
787 86 108810
900 791 622055
1331 1172 2711680
911 1127 1561529
1238 1042 699343
401 219 56099
623 242 7641
793 758 198773
1508 1174 3382180
794 1069 355369
458 1007 354838
163 706 104216
969 1189 2241055
561 851 532116
1293 488 167515
227 888 364725
1436 711 1812014
752 255 87932
444 514 195329
31 107 4765
163 164 1515
1132 1078 1934445
1291 46 75873
1421 158 178579
230 250 66306
880 77 34673
100 1064 191655
314 1015 212209
85 258 29782
581 640 585840
1345 402 457175
667 685 84752
1047 375 341470
615 147 33219
1433 777 140749
1090 56 61017
883 108 187496
89 821 25082
1550 57 51095
371 1037 463682
803 381 60625
997 647 1179823
669 494 61045
1490 260 462891
1268 445 1118619
1296 334 849243
904 1168 1352886
375 57 13456
12 6 18
706 328 143806
439 1130 423898
525 527 289076
495 1147 853591
1191 636 391353
1282 703 253345
100 751 3610
1278 6 4874
