1600 800
250
1507 52 72008
1386 628 420327
471 470 166379
471 556 451139
243 461 207735
1513 42 78843
548 184 188407
510 473 190838
3 416 2051
331 522 69060
767 428 180147
86 214 4127
540 236 214020
239 706 183711
1017 149 135011
1333 413 238462
1060 160 8443
90 670 33916
788 224 293875
1238 554 285460
286 72 3720
1336 158 246301
614 697 418256
1513 487 1422648
119 255 40370
786 788 644650
1045 599 1104691
1488 240 246422
1155 227 282985
437 217 351
593 54 47574
376 589 430563
1172 755 1130060
955 667 624066
196 338 32625
1185 675 615670
186 119 214
499 358 303869
1032 264 273500
637 701 434010
1499 45 72939
32 420 15957
1123 791 1277419
62 497 8570
1439 693 239461
1471 629 340213
1042 367 178595
1211 65 115393
1172 296 581944
559 484 6908
1314 734 470016
522 766 795987
670 640 447385
773 701 133904
294 91 13090
504 762 302930
588 555 284112
694 518 652480
6 89 856
1086 647 202751
465 360 121705
1489 81 156882
883 302 23585
268 274 2753
1301 119 223887
978 174 338276
483 761 90345
707 655 209776
994 212 60124
1481 497 1313334
52 514 16889
956 402 709929
1025 484 794614
933 303 506280
1445 355 347010
95 532 55604
659 567 200702
529 473 217164
916 218 181318
1391 99 52056
912 150 242375
344 305 16008
208 81 6396
1173 565 1130266
812 409 527397
1274 503 662872
757 713 153968
1000 441 110894
202 108 40248
1567 698 909114
228 361 45503
555 256 126351
834 463 665455
797 388 300411
1415 751 1052195
787 424 353
1490 380 907642
1064 132 223490
1557 685 192142
572 651 414295
37 430 15332
451 536 164799
721 570 541602
1423 118 253625
289 284 4623
1515 270 129935
844 512 189842
85 775 130897
470 283 185481
163 407 95195
554 443 459001
505 94 43980
1063 366 313549
836 541 661911
548 29 16498
1459 744 1343416
745 339 1785
762 423 392165
1359 444 813247
1391 607 1581799
826 360 122232
1490 416 855797
1441 230 399114
362 618 158110
1352 365 487963
1025 575 262088
168 71 19252
974 33 12482
154 143 32685
1569 733 1053097
1437 310 187282
500 199 132729
808 392 164287
1482 753 154544
295 504 76724
289 728 263715
1378 448 640089
53 621 28593
1454 775 328715
99 743 53466
501 131 118261
463 183 75792
1191 190 365951
101 423 21503
780 718 418238
1024 558 876645
1394 336 107652
1034 388 118417
707 594 113131
1321 692 480885
172 392 83487
581 406 269785
1540 349 339619
842 449 199765
896 429 747558
1453 204 500428
1041 797 152821
725 582 394402
581 488 51959
1211 561 767530
535 732 151090
1589 64 154759
778 355 528015
508 396 302756
1108 491 5992
1530 695 1705919
1357 488 712855
1071 764 29860
1172 544 543268
619 506 317880
1556 240 10159
837 580 807335
524 109 22985
1358 616 221149
1393 476 1222847
256 405 26814
826 161 228513
592 431 108064
140 354 42719
175 172 49536
674 128 110343
1104 164 278826
1598 687 1315679
47 797 23096
43 589 15087
881 397 393147
366 422 235333
690 214 13843
1425 353 653457
655 79 50138
1190 304 52167
1516 607 1516099
22 605 10321
236 203 70269
1065 597 1043096
1570 677 1046142
78 595 84235
699 484 558656
853 661 422008
1009 67 97174
889 457 804323
895 372 295604
969 745 506218
930 180 59530
86 445 71506
983 766 616490
676 43 25716
1591 293 681120
670 346 218796
1254 106 154902
1467 194 205546
384 641 426698
707 9 12322
386 490 293550
1067 576 66946
1192 758 40703
297 634 227713
349 176 97518
884 45 5895
831 50 19320
844 269 140122
66 652 47746
11 110 1646
700 495 637356
769 761 105803
1282 704 551896
1312 552 870769
937 100 133752
854 535 474769
1468 117 56870
139 161 2996
1404 578 480101
461 588 424554
1479 487 391712
586 456 211400
1068 489 575463
1411 553 1044985
1140 689 1063298
243 742 10305
991 161 45485
93 651 7435
1062 455 136530
1083 467 264529
1116 345 184224
1292 130 99511
1331 749 1317565
826 112 141703
1224 451 279015
121 693 10498
705 436 546044
