1600 1200
250
1507 52 72008
1386 1028 586647
471 470 166379
471 156 2747
243 861 342843
1513 842 484327
548 984 249783
510 73 60278
3 416 2051
331 122 5508
767 428 180147
86 214 4127
540 636 54180
239 306 1115
1017 949 179759
1333 813 217134
1060 560 856443
90 270 37516
788 624 798195
1238 954 18052
286 872 269128
1336 558 502813
614 1097 405976
1513 487 1422648
119 1055 118910
786 788 644650
1045 999 638621
1488 240 246422
1155 1027 1662055
437 617 430359
593 54 47574
376 589 430563
1172 355 286220
955 667 624066
196 338 32625
1185 1075 2096920
186 119 214
499 358 303869
1032 664 422108
637 1101 1316892
1499 445 342759
32 820 15957
1123 391 194847
62 497 8570
1439 1093 2400839
1471 229 343155
1042 767 1116395
1211 865 1338503
1172 296 581944
559 884 109764
1314 334 533088
522 366 167499
670 1040 1197785
773 701 133904
294 891 290626
504 762 302930
588 955 825072
694 918 519232
6 889 5428
1086 1047 2075015
465 1160 196105
1489 81 156882
883 302 23585
268 274 2753
1301 519 361793
978 174 338276
483 1161 154101
707 1055 1029896
994 212 60124
1481 497 1313334
52 114 5865
956 2 2489
1025 484 794614
933 1103 1278804
1445 1155 2557860
95 532 55604
659 167 49132
529 473 217164
916 618 730918
1391 899 2344424
912 150 242375
344 1105 604248
208 881 255164
1173 165 356086
812 9 12589
1274 103 61544
757 713 153968
1000 41 20894
202 908 319816
1567 1098 395138
228 1161 436295
555 1056 374991
834 863 100003
797 388 300411
1415 751 1052195
787 424 353
1490 780 1503642
1064 932 1815234
1557 1085 378982
572 251 126007
37 830 1272
451 536 164799
721 570 541602
1423 918 1528633
289 284 4623
1515 670 1887335
844 912 919058
85 1175 58647
470 1083 59521
163 407 95195
554 43 20233
505 494 433840
1063 1166 2188681
836 541 661911
548 829 152402
1459 344 643096
745 739 331075
762 823 876797
1359 844 84823
1391 1007 616445
826 360 122232
1490 416 855797
1441 1030 1782474
362 1018 123358
1352 765 393323
1025 175 210838
168 871 27652
974 33 12482
154 143 32685
1569 733 1053097
1437 710 503422
500 199 132729
808 792 435775
1482 1153 3044444
295 504 76724
289 328 37139
1378 448 640089
53 221 14813
1454 1175 764915
99 1143 2778
501 531 445915
463 583 99868
1191 590 604151
101 23 2515
780 1118 1382318
1024 958 1458277
1394 736 1445892
1034 1188 1789361
707 594 113131
1321 292 597133
172 792 66975
581 406 269785
1540 749 1128099
842 449 199765
896 29 7462
1453 604 419060
1041 797 152821
725 982 232002
581 488 51959
1211 161 191094
535 732 151090
1589 864 1273415
778 755 815875
508 1196 266180
1108 91 172192
1530 695 1705919
1357 88 191767
1071 764 29860
1172 544 543268
619 106 124752
1556 240 10159
837 980 974735
524 509 435897
1358 616 221149
1393 476 1222847
256 5 1214
826 161 228513
592 831 870560
140 1154 305919
175 172 49536
674 928 24071
1104 964 102186
1598 687 1315679
47 1197 48852
43 189 3649
881 797 909413
366 22 11341
690 214 13843
1425 1153 3113007
655 79 50138
1190 1104 1461127
1516 1007 2850179
22 1005 12081
236 1003 232165
1065 997 649046
1570 1077 160662
78 595 84235
699 484 558656
853 661 422008
1009 467 311082
889 857 1108361
895 372 295604
969 345 535288
930 580 22330
86 845 15606
983 766 616490
676 843 1049180
1591 1093 2599866
670 1146 374236
1254 106 154902
1467 194 205546
384 641 426698
707 9 12322
386 890 254950
1067 176 374242
1192 1158 765439
297 1034 363145
349 176 97518
884 845 50095
831 450 19320
844 269 140122
66 1052 57778
11 910 6706
700 495 637356
769 1161 1697633
1282 304 715992
1312 552 870769
937 100 133752
854 135 30689
1468 117 56870
139 161 2996
1404 978 2558021
461 188 144266
1479 887 60416
586 56 23880
1068 89 176031
1411 553 1044985
1140 1089 1776938
243 742 10305
991 161 45485
93 651 7435
1062 855 327690
1083 67 67423
1116 345 184224
1292 530 1184791
1331 1149 1131225
826 112 141703
1224 851 1706199
121 293 43168
705 836 309164
